VFXDATA1
TPL blastzoneExplosion
FRAMES 20
KEY path1 [ [ -112 -53 ] [ -117 -82 ] [ -107 -78 ] [ -106 -124 ] [ -86 -72 ] [ -80 -138 ] [ -69 -86 ] [ -63 -122 ] [ -58 -85 ] [ -56 -159 ] [ -43 -89 ] [ -36 -129 ] [ -30 -108 ] [ -26 -165 ] [ -13 -111 ] [ 0 -173 ] [ 6 -118 ] [ 20 -183 ] [ 31 -104 ] [ 51 -156 ] [ 51 -92 ] [ 63 -125 ] [ 63 -84 ] [ 78 -147 ] [ 79 -79 ] [ 89 -101 ] [ 90 -78 ] [ 102 -112 ] [ 100 -60 ] [ 106 -75 ] [ 106 -60 ] [ 118 -82 ] [ 104 -7 ] [ 97 -23 ] [ 88 0 ] [ 89 -41 ] [ 83 -28 ] [ 79 -41 ] [ 73 -10 ] [ 71 -39 ] [ 66 -10 ] [ 62 -38 ] [ 57 -15 ] [ 54 -41 ] [ 49 -31 ] [ 46 -44 ] [ 35 -30 ] [ 31 -63 ] [ 25 -47 ] [ 23 -57 ] [ 13 -25 ] [ 7 -55 ] [ 0 -28 ] [ -9 -57 ] [ -12 -41 ] [ -15 -53 ] [ -17 -23 ] [ -32 -54 ] [ -36 -33 ] [ -44 -52 ] [ -44 -26 ] [ -50 -49 ] [ -53 -15 ] [ -60 -38 ] [ -62 -25 ] [ -67 -32 ] [ -71 -14 ] [ -82 -32 ] [ -84 -22 ] [ -89 -27 ] [ -90 -10 ] [ -96 -15 ] [ -96 -4 ] ]
KEY path2 [ [ -35 -678 ] [ -34 -103 ] [ -30 -587 ] [ -24 -213 ] [ -22 -672 ] [ -19 -523 ] [ -17 -717 ] [ -15 -485 ] [ -12 -533 ] [ -12 -313 ] [ -9 -671 ] [ -4 -471 ] [ -2 -674 ] [ 2 -549 ] [ 3 -696 ] [ 6 -516 ] [ 10 -764 ] [ 13 -396 ] [ 17 -718 ] [ 22 -225 ] [ 26 -605 ] [ 31 -415 ] [ 35 -698 ] [ 35 -173 ] [ 40 -512 ] [ 39 -238 ] [ 45 -445 ] [ 45 0 ] [ -44 0 ] ]
KEY path3 [ [ -46 -497 ] [ -43 -95 ] [ -35 -436 ] [ -29 -237 ] [ -24 -538 ] [ -18 -329 ] [ -16 -400 ] [ -13 -329 ] [ -11 -521 ] [ -4 -291 ] [ -2 -521 ] [ 5 -355 ] [ 9 -580 ] [ 17 -288 ] [ 22 -537 ] [ 24 -352 ] [ 28 -449 ] [ 28 -201 ] [ 33 -417 ] [ 37 -307 ] [ 43 -530 ] [ 47 -99 ] [ 50 -409 ] [ 54 -300 ] [ 55 -362 ] [ 56 0 ] [ -55 0 ] ]
KEY path4 [ [ -8 -822 ] [ 8 0 ] [ -8 0 ] ]
KEY svg2Active [ 1 3 ]
KEY svg2Scale [ [ 1 1 ] [ 1.3 0.7 ] [ 0.7 1.5 ] ]
KEY svg3Active [ 4 19 ]
KEY svg3Scale [ [ 1 0.1 ] [ 1 1 ] [ 1.3 0.7 ] [ 0.5 1.5 ] [ 1 1 ] [ 1.2 0.5 ] [ 1 0.8 ] [ 0.7 1.3 ] [ 0.5 1.5 ] [ 0.7 1.3 ] [ 1.2 0.8 ] [ 1.6 0.4 ] [ 1 1 ] [ 0.5 1.5 ] [ 0.2 1.5 ] [ 0.1 1.5 ] ]
TPL breakShield
FRAMES 20
TPL burncircle
FRAMES 9
TPL burning
FRAMES 4
TPL ceilingBounce
FRAMES 8
COLOUR 102 255 56
KEY path [ [ [ 0 0 ] [ -94 0 ] [ -207 -259 ] [ -110 -81 ] [ -120 -116 ] [ -77 -51 ] [ -155 -184 ] [ -95 -109 ] [ -99 -171 ] [ -63 -76 ] [ -72 -128 ] [ -53 -81 ] [ -89 -287 ] [ -41 -108 ] [ -35 -177 ] [ -20 -125 ] [ -22 -419 ] [ -5 -170 ] [ 8 -227 ] [ 10 -130 ] [ 17 -208 ] [ 23 -123 ] [ 58 -303 ] [ 49 -161 ] [ 105 -433 ] [ 64 -144 ] [ 81 -223 ] [ 61 -100 ] [ 74 -123 ] [ 70 -96 ] [ 91 -165 ] [ 83 -117 ] [ 115 -182 ] [ 95 -112 ] [ 157 -185 ] [ 94 -83 ] [ 113 -100 ] [ 104 -52 ] [ 143 -120 ] [ 127 -80 ] [ 187 -183 ] [ 165 -129 ] [ 189 -162 ] [ 96 -1 ] ] [ [ 0 0 ] [ -168 -4 ] [ -326 -135 ] [ -165 -38 ] [ -300 -162 ] [ -176 -92 ] [ -228 -175 ] [ -88 -72 ] [ -140 -200 ] [ -92 -137 ] [ -137 -377 ] [ -59 -129 ] [ -79 -316 ] [ -23 -150 ] [ -8 -211 ] [ 12 -149 ] [ 25 -187 ] [ 23 -88 ] [ 43 -184 ] [ 41 -137 ] [ 61 -253 ] [ 63 -146 ] [ 89 -207 ] [ 86 -118 ] [ 201 -380 ] [ 97 -74 ] [ 146 -97 ] [ 113 -59 ] [ 172 -94 ] [ 167 -79 ] [ 219 -133 ] [ 186 -59 ] [ 198 -59 ] [ 177 -27 ] [ 315 -125 ] [ 169 0 ] ] [ [ 0 0 ] [ -227 -1 ] [ -515 -148 ] [ -220 -23 ] [ -461 -171 ] [ -283 -105 ] [ -367 -167 ] [ -253 -120 ] [ -290 -161 ] [ -140 -86 ] [ -284 -376 ] [ -128 -109 ] [ -144 -201 ] [ -117 -163 ] [ -127 -241 ] [ -107 -179 ] [ -115 -261 ] [ -38 -97 ] [ -32 -185 ] [ -19 -106 ] [ -1 -143 ] [ 6 -104 ] [ 45 -312 ] [ 49 -119 ] [ 100 -202 ] [ 70 -121 ] [ 105 -142 ] [ 98 -110 ] [ 211 -336 ] [ 122 -57 ] [ 154 -84 ] [ 140 -57 ] [ 377 -171 ] [ 175 -34 ] [ 317 -101 ] [ 286 -68 ] [ 538 -189 ] [ 232 0 ] ] [ [ 0 0 ] [ -281 0 ] [ -448 -84 ] [ -253 -45 ] [ -610 -172 ] [ -265 -73 ] [ -382 -146 ] [ -226 -75 ] [ -303 -133 ] [ -181 -81 ] [ -264 -160 ] [ -204 -133 ] [ -352 -362 ] [ -179 -153 ] [ -90 -99 ] [ -92 -208 ] [ -50 -118 ] [ -27 -233 ] [ -5 -140 ] [ 14 -162 ] [ 34 -115 ] [ 119 -292 ] [ 94 -82 ] [ 215 -272 ] [ 151 -96 ] [ 226 -194 ] [ 173 -76 ] [ 439 -182 ] [ 243 -59 ] [ 448 -125 ] [ 210 -14 ] [ 558 -107 ] [ 275 2 ] ] [ [ 0 0 ] [ -327 -2 ] [ -622 -59 ] [ -205 -20 ] [ -540 -139 ] [ -241 -53 ] [ -575 -218 ] [ -193 -75 ] [ -353 -249 ] [ -159 -62 ] [ -196 -161 ] [ -169 -123 ] [ -291 -392 ] [ -73 -63 ] [ -77 -147 ] [ -21 -54 ] [ -34 -204 ] [ 0 -59 ] [ 5 -139 ] [ 17 -84 ] [ 59 -142 ] [ 52 -85 ] [ 135 -223 ] [ 144 -128 ] [ 192 -176 ] [ 197 -111 ] [ 313 -228 ] [ 202 -52 ] [ 396 -111 ] [ 342 -75 ] [ 552 -139 ] [ 315 -36 ] [ 361 -38 ] [ 328 -13 ] [ 616 -62 ] [ 329 0 ] ] [ [ 0 0 ] [ -325 0 ] [ -655 -44 ] [ -315 -10 ] [ -399 -51 ] [ -266 -36 ] [ -618 -137 ] [ -253 -46 ] [ -337 -108 ] [ -196 -59 ] [ -286 -164 ] [ -182 -69 ] [ -305 -257 ] [ -177 -125 ] [ -235 -265 ] [ -82 -75 ] [ -67 -114 ] [ -64 -72 ] [ -34 -360 ] [ 9 -105 ] [ 49 -176 ] [ 53 -69 ] [ 84 -141 ] [ 88 -80 ] [ 204 -161 ] [ 192 -132 ] [ 295 -200 ] [ 200 -47 ] [ 546 -153 ] [ 235 -20 ] [ 435 -46 ] [ 370 -10 ] [ 704 -52 ] [ 359 2 ] ] [ [ 0 0 ] [ -394 1 ] [ -694 -51 ] [ -202 -16 ] [ -625 -132 ] [ -224 -38 ] [ -339 -111 ] [ -194 -51 ] [ -285 -151 ] [ -187 -69 ] [ -323 -263 ] [ -183 -124 ] [ -246 -274 ] [ -70 -55 ] [ -90 -156 ] [ -56 -97 ] [ -34 -264 ] [ 19 -82 ] [ 59 -170 ] [ 51 -81 ] [ 96 -118 ] [ 91 -50 ] [ 213 -164 ] [ 208 -130 ] [ 309 -196 ] [ 185 -47 ] [ 539 -139 ] [ 257 -31 ] [ 355 -38 ] [ 314 -15 ] [ 661 -40 ] [ 378 2 ] ] [ [ 0 0 ] [ -398 3 ] [ -760 -25 ] [ -323 -6 ] [ -333 -15 ] [ -80 -23 ] [ -121 -41 ] [ -16 -24 ] [ -35 -41 ] [ -1 -27 ] [ 25 -45 ] [ 21 -27 ] [ 162 -41 ] [ 148 -24 ] [ 306 -27 ] [ 246 -11 ] [ 546 -41 ] [ 421 -12 ] [ 838 -53 ] [ 403 4 ] ] ]
TPL circleDust
FRAMES 30
KEY circles [ 0 0 0 0 ]
SKIP circleDust colour
TPL clank
FRAMES 10
TPL cliffcatchspark
FRAMES 12
SKIP cliffcatchspark colour
TPL dashDust
FRAMES 8
COLOUR 255 255 255
KEY path [ [ [ -84 -287 ] [ 107 -135 ] [ -161 -296 ] [ 5 -153 ] [ -57 -173 ] [ -15 -138 ] [ -198 -218 ] [ 51 -86 ] [ -33 -86 ] [ 43 -59 ] [ -184 -80 ] [ 39 -36 ] [ -157 -15 ] [ 0 0 ] [ -157 -15 ] [ 257 -8 ] [ 308 -30 ] ] [ [ 172 -92 ] [ 189 -65 ] [ 98 -124 ] [ 174 -63 ] [ 118 -89 ] [ 166 -53 ] [ 90 -88 ] [ 138 -58 ] [ 99 -73 ] [ 154 -38 ] [ 130 -41 ] [ 55 -105 ] [ 73 -76 ] [ 25 -102 ] [ 70 -62 ] [ -3 -96 ] [ 73 -34 ] [ -13 -45 ] [ 81 -13 ] [ 0 0 ] [ 81 -13 ] [ 163 -13 ] [ 245 -21 ] ] [ [ 185 -112 ] [ 201 -66 ] [ 151 -110 ] [ 189 -60 ] [ 131 -119 ] [ 172 -65 ] [ 88 -119 ] [ 168 -56 ] [ 124 -75 ] [ 150 -51 ] [ 102 -75 ] [ 56 -123 ] [ 71 -92 ] [ 61 -93 ] [ 68 -84 ] [ 39 -104 ] [ 68 -72 ] [ 3 -117 ] [ 53 -68 ] [ 4 -85 ] [ 43 -59 ] [ -29 -79 ] [ 31 -49 ] [ -39 -50 ] [ 19 -39 ] [ -29 -35 ] [ 91 -9 ] [ 0 0 ] [ 91 -9 ] [ 138 -13 ] [ 239 -17 ] ] [ [ 203 -67 ] [ 153 -126 ] [ 179 -69 ] [ 116 -112 ] [ 152 -71 ] [ 55 -127 ] [ 90 -83 ] [ 16 -115 ] [ 57 -75 ] [ -109 -182 ] [ 4 -63 ] [ -64 -86 ] [ -5 -56 ] [ -75 -61 ] [ -5 -42 ] [ -95 -45 ] [ -10 -28 ] [ -50 -23 ] [ 59 -11 ] [ 0 0 ] [ 59 -11 ] [ 159 -12 ] [ 221 -16 ] ] [ [ 190 -56 ] [ 124 -126 ] [ 147 -75 ] [ 117 -99 ] [ 140 -71 ] [ 59 -142 ] [ 131 -71 ] [ 24 -137 ] [ 92 -81 ] [ 10 -116 ] [ 86 -65 ] [ -119 -178 ] [ -35 -108 ] [ -104 -136 ] [ -24 -81 ] [ -97 -83 ] [ -22 -55 ] [ -92 -60 ] [ -37 -42 ] [ -137 -53 ] [ -64 -30 ] [ -107 -24 ] [ 79 -8 ] [ 0 0 ] [ 79 -8 ] [ 170 -12 ] [ 198 -23 ] ] [ [ 160 -71 ] [ 118 -97 ] [ 121 -69 ] [ 40 -118 ] [ 69 -93 ] [ 20 -119 ] [ 98 -69 ] [ 69 -84 ] [ 92 -59 ] [ 10 -106 ] [ 87 -51 ] [ 11 -80 ] [ -86 -180 ] [ -46 -124 ] [ -127 -176 ] [ -52 -111 ] [ -79 -126 ] [ -60 -104 ] [ -147 -151 ] [ -92 -106 ] [ -131 -123 ] [ -95 -98 ] [ -144 -113 ] [ -55 -61 ] [ -98 -76 ] [ -61 -50 ] [ -114 -62 ] [ -77 -41 ] [ -165 -48 ] [ -86 -28 ] [ -163 -28 ] [ 62 1 ] [ 0 0 ] [ 62 1 ] [ 156 -10 ] [ 183 -26 ] ] [ [ 136 -73 ] [ 85 -114 ] [ 119 -77 ] [ 32 -131 ] [ 96 -79 ] [ 17 -119 ] [ 72 -72 ] [ -1 -104 ] [ 43 -64 ] [ -16 -77 ] [ -139 -182 ] [ -81 -115 ] [ -119 -139 ] [ -90 -104 ] [ -177 -167 ] [ -133 -121 ] [ -186 -136 ] [ -109 -98 ] [ -170 -101 ] [ -96 -60 ] [ -206 -49 ] [ -92 -40 ] [ -161 -34 ] [ -89 -27 ] [ -205 -19 ] [ -25 -3 ] [ 88 -6 ] [ 0 0 ] [ 88 -6 ] [ 163 -34 ] ] [ [ 99 -49 ] [ 17 -112 ] [ 57 -69 ] [ -11 -93 ] [ 32 -67 ] [ -9 -75 ] [ -3 -61 ] [ -137 -161 ] [ -87 -90 ] [ -129 -97 ] [ -85 -67 ] [ -133 -77 ] [ -88 -58 ] [ -175 -64 ] [ -77 -44 ] [ -161 -44 ] [ -86 -31 ] [ -204 -29 ] [ -67 -9 ] [ 43 -3 ] [ 0 0 ] [ 43 -3 ] [ 112 -15 ] ] ]
TPL doubleJumpRings
FRAMES 8
SKIP doubleJumpRings colour
KEY rings [ 0 0 0 ]
TPL electrichit
FRAMES 13
TPL entrance
FRAMES 60
TPL falconpunch
FRAMES 15
KEY path [ [ [ -77 189 ] [ -77 189 -98 238 -98 238 ] [ -98 238 -150 315 -150 315 ] [ -150 315 -147 288 -147 288 ] [ -147 288 -178 326 -178 326 ] [ -178 326 -172 291 -172 291 ] [ -172 291 -339 358 -339 358 ] [ -339 358 -231 274 -231 274 ] [ -231 274 -385 319 -385 319 ] [ -385 319 -284 263 -284 263 ] [ -284 263 -413 263 -413 263 ] [ -413 263 -309 231 -305 231 ] [ -301 231 -417 210 -417 210 ] [ -417 210 -332 197 -332 197 ] [ -332 197 -294 197 -294 197 ] [ -294 197 -364 158 -364 158 ] [ -364 158 -280 165 -280 165 ] [ -280 165 -332 113 -332 113 ] [ -332 113 -242 119 -242 119 ] [ -242 119 -220 123 -220 123 ] [ -220 123 -262 84 -262 84 ] [ -262 84 -242 81 -242 81 ] [ -242 81 -311 43 -311 43 ] [ -311 43 -420 18 -420 18 ] [ -420 18 -448 4 -448 4 ] [ -448 4 -266 29 -266 29 ] [ -266 29 -56 14 -56 14 ] [ -56 14 -7 39 -7 39 ] [ -7 39 -17 18 -17 18 ] [ -17 18 7 32 7 32 ] [ 7 32 -7 1 -7 1 ] [ -7 1 66 64 66 64 ] [ 66 64 70 81 70 81 ] [ 70 81 91 109 91 109 ] [ 91 109 60 92 60 92 ] [ 60 92 0 112 0 112 ] [ 0 112 -63 109 -63 109 ] [ -63 109 -63 147 -63 147 ] [ -63 147 -77 189 -77 189 ] ] [ [ -45 186 ] [ -45 186 -66 235 -66 235 ] [ -66 235 -119 315 -119 315 ] [ -119 315 -119 291 -119 291 ] [ -119 291 -150 329 -150 329 ] [ -150 329 -137 291 -137 291 ] [ -137 291 -294 357 -294 357 ] [ -294 357 -200 281 -200 281 ] [ -200 281 -350 319 -350 319 ] [ -350 319 -255 256 -255 256 ] [ -255 256 -402 256 -402 256 ] [ -402 256 -280 225 -280 225 ] [ -280 225 -392 200 -392 200 ] [ -392 200 -273 190 -273 190 ] [ -273 190 -339 151 -339 151 ] [ -339 151 -256 151 -256 151 ] [ -256 151 -290 120 -290 120 ] [ -290 120 -213 116 -213 116 ] [ -213 116 -189 119 -189 119 ] [ -189 119 -221 74 -221 74 ] [ -221 74 -277 42 -277 42 ] [ -277 42 -395 18 -395 18 ] [ -395 18 -427 4 -427 4 ] [ -427 4 -231 28 -231 28 ] [ -231 28 -14 18 -14 18 ] [ -14 18 24 39 24 39 ] [ 24 39 14 15 14 15 ] [ 14 15 42 36 42 36 ] [ 42 36 32 1 32 1 ] [ 32 1 70 46 70 46 ] [ 70 46 94 77 94 77 ] [ 94 77 108 85 108 85 ] [ 108 85 122 109 122 109 ] [ 122 109 81 95 81 95 ] [ 81 95 46 106 46 106 ] [ 46 106 -31 106 -31 106 ] [ -31 106 -38 144 -38 144 ] [ -38 144 -45 186 -45 186 ] ] [ [ 18 182 ] [ 18 182 -4 239 -4 239 ] [ -4 239 -60 319 -60 319 ] [ -60 319 -60 301 -60 301 ] [ -60 301 -87 329 -87 329 ] [ -87 329 -63 274 -63 274 ] [ -63 274 -231 354 -231 354 ] [ -231 354 -130 270 -130 270 ] [ -130 270 -283 326 -283 326 ] [ -283 326 -189 260 -189 260 ] [ -189 260 -332 253 -329 256 ] [ -326 259 -217 225 -217 225 ] [ -217 225 -322 207 -322 207 ] [ -322 207 -210 183 -210 183 ] [ -210 183 -322 155 -322 155 ] [ -322 155 -203 148 -203 148 ] [ -203 148 -231 109 -231 109 ] [ -231 109 -126 123 -126 123 ] [ -126 123 -157 85 -157 85 ] [ -157 85 -133 78 -133 78 ] [ -133 78 -213 43 -213 43 ] [ -213 43 -319 18 -319 18 ] [ -319 18 -357 1 -357 1 ] [ -357 1 -179 29 -179 29 ] [ -179 29 49 15 49 15 ] [ 49 15 88 39 88 39 ] [ 88 39 77 11 77 11 ] [ 77 11 105 32 105 32 ] [ 105 32 88 -3 88 -3 ] [ 88 -3 158 74 158 74 ] [ 158 74 168 74 168 74 ] [ 168 74 189 109 189 109 ] [ 189 109 147 95 147 95 ] [ 147 95 49 112 49 112 ] [ 49 112 32 113 32 113 ] [ 32 113 28 137 28 137 ] [ 28 137 18 182 18 182 ] ] [ [ 91 183 ] [ 91 183 70 239 70 239 ] [ 70 239 -7 330 -7 330 ] [ -7 330 17 270 17 270 ] [ 17 270 -31 305 -31 305 ] [ -31 305 -143 354 -143 354 ] [ -143 354 -53 277 -53 277 ] [ -53 277 -196 322 -196 322 ] [ -196 322 -102 260 -102 260 ] [ -102 260 -308 266 -308 266 ] [ -308 266 -137 225 -137 225 ] [ -137 225 -259 211 -259 211 ] [ -259 211 -137 193 -137 193 ] [ -137 193 -283 162 -283 162 ] [ -283 162 -122 144 -122 144 ] [ -122 144 -168 109 -168 109 ] [ -168 109 -63 123 -63 123 ] [ -63 123 -77 85 -77 85 ] [ -77 85 -49 85 -49 85 ] [ -49 85 -126 43 -126 43 ] [ -126 43 -248 25 -248 25 ] [ -248 25 -280 -3 -280 -3 ] [ -280 -3 -98 29 -98 29 ] [ -98 29 119 18 119 18 ] [ 119 18 164 35 164 35 ] [ 164 35 151 18 151 18 ] [ 151 18 182 29 182 29 ] [ 182 29 172 4 172 4 ] [ 172 4 220 49 220 49 ] [ 220 49 231 74 231 74 ] [ 231 74 248 81 248 81 ] [ 248 81 259 105 259 105 ] [ 259 105 224 102 224 102 ] [ 224 102 105 109 105 109 ] [ 105 109 91 183 91 183 ] ] [ [ 154 193 ] [ 154 193 137 235 137 235 ] [ 137 235 70 329 70 329 ] [ 70 329 84 263 84 263 ] [ 84 263 21 315 21 315 ] [ 21 315 -80 347 -77 347 ] [ -74 347 10 270 10 270 ] [ 10 270 -122 319 -122 319 ] [ -122 319 -42 263 -42 263 ] [ -42 263 -161 259 -161 259 ] [ -161 259 -84 221 -84 221 ] [ -84 221 -203 218 -203 218 ] [ -203 218 -84 176 -84 176 ] [ -84 176 -171 176 -171 176 ] [ -171 176 -39 127 -39 127 ] [ -39 127 -94 130 -94 130 ] [ -94 130 -21 102 -21 102 ] [ -21 102 -17 67 -17 67 ] [ -17 67 -77 39 -77 39 ] [ -77 39 -189 18 -189 18 ] [ -189 18 -210 -3 -210 -3 ] [ -210 -3 -31 32 -31 32 ] [ -31 32 179 18 179 18 ] [ 179 18 228 36 228 36 ] [ 228 36 221 15 221 15 ] [ 221 15 245 28 245 28 ] [ 245 28 231 -6 231 -6 ] [ 231 -6 290 53 290 53 ] [ 290 53 301 74 301 74 ] [ 301 74 315 81 315 81 ] [ 315 81 332 109 332 109 ] [ 332 109 287 99 287 99 ] [ 287 99 238 106 238 106 ] [ 238 106 175 119 175 119 ] [ 175 119 154 193 154 193 ] ] [ [ 193 172 ] [ 193 172 213 183 213 183 ] [ 213 183 203 211 203 211 ] [ 203 211 200 193 200 193 ] [ 200 193 186 193 186 193 ] [ 186 193 168 238 168 238 ] [ 168 238 105 329 105 329 ] [ 105 329 119 256 119 256 ] [ 119 256 67 302 67 302 ] [ 67 302 -45 350 -45 350 ] [ -45 350 56 256 56 256 ] [ 56 256 -98 322 -98 322 ] [ -98 322 7 242 7 242 ] [ 7 242 -136 252 -136 252 ] [ -136 252 -11 217 -11 217 ] [ -11 217 -77 207 -77 207 ] [ -77 207 -4 179 -4 179 ] [ -4 179 -45 172 -45 172 ] [ -45 172 38 134 38 134 ] [ 38 134 14 71 14 71 ] [ 14 71 -59 39 -59 39 ] [ -59 39 -161 18 -161 18 ] [ -161 18 -182 1 -182 1 ] [ -182 1 11 29 11 29 ] [ 11 29 224 15 224 15 ] [ 224 15 255 32 255 32 ] [ 255 32 249 15 249 15 ] [ 249 15 276 28 276 28 ] [ 276 28 263 -6 263 -6 ] [ 263 -6 322 56 322 56 ] [ 322 56 329 74 329 74 ] [ 329 74 361 102 361 102 ] [ 361 102 329 95 329 95 ] [ 329 95 259 116 259 116 ] [ 259 116 206 109 206 109 ] [ 206 109 206 126 206 126 ] [ 206 126 193 172 193 172 ] ] [ [ 207 168 ] [ 207 168 231 175 231 175 ] [ 231 175 224 200 224 200 ] [ 224 200 214 186 214 186 ] [ 214 186 200 186 200 186 ] [ 200 186 193 210 193 210 ] [ 193 210 130 291 130 291 ] [ 130 291 136 260 136 260 ] [ 136 260 123 273 123 273 ] [ 123 273 136 232 136 232 ] [ 136 232 80 274 80 274 ] [ 80 274 -17 315 -17 315 ] [ -17 315 70 235 70 235 ] [ 70 235 -63 284 -63 284 ] [ -63 284 25 214 25 214 ] [ 25 214 -133 242 -133 242 ] [ -133 242 17 154 17 154 ] [ 17 154 -42 169 -42 169 ] [ -42 169 11 130 11 130 ] [ 11 130 -38 109 -38 109 ] [ -38 109 14 99 14 99 ] [ 14 99 46 106 46 106 ] [ 46 106 21 81 21 81 ] [ 21 81 -35 39 -35 39 ] [ -35 39 -133 25 -133 25 ] [ -133 25 -178 1 -178 1 ] [ -178 1 0 25 0 25 ] [ 0 25 228 15 228 15 ] [ 228 15 262 36 262 36 ] [ 262 36 252 15 252 15 ] [ 252 15 280 28 280 28 ] [ 280 28 269 -3 269 -3 ] [ 269 -3 336 67 336 67 ] [ 336 67 364 105 364 105 ] [ 364 105 326 95 326 95 ] [ 326 95 273 106 273 106 ] [ 273 106 220 112 220 112 ] [ 220 112 207 168 207 168 ] ] [ [ 192 176 ] [ 192 176 220 169 220 169 ] [ 220 169 235 172 235 172 ] [ 235 172 228 203 228 203 ] [ 228 203 221 186 221 186 ] [ 221 186 161 203 161 203 ] [ 161 203 161 217 161 217 ] [ 161 217 151 200 151 200 ] [ 151 200 161 190 161 190 ] [ 161 190 158 172 158 172 ] [ 158 172 112 197 112 197 ] [ 112 197 28 217 28 217 ] [ 28 217 87 169 87 169 ] [ 87 169 -25 200 -25 200 ] [ -25 200 -77 221 -77 221 ] [ -77 221 28 151 28 151 ] [ 28 151 -10 144 -10 144 ] [ -10 144 -84 182 -84 182 ] [ -84 182 -7 116 -7 116 ] [ -7 116 14 109 14 109 ] [ 14 109 -21 102 -21 102 ] [ -21 102 -87 147 -87 147 ] [ -87 147 -32 95 -32 95 ] [ -32 95 -94 109 -94 109 ] [ -94 109 -31 81 -31 81 ] [ -31 81 0 74 0 74 ] [ 0 74 -108 78 -108 78 ] [ -108 78 -14 53 -14 53 ] [ -14 53 -35 42 -35 42 ] [ -35 42 -150 18 -150 18 ] [ -150 18 -168 1 -168 1 ] [ -168 1 7 25 7 25 ] [ 7 25 228 15 228 15 ] [ 228 15 266 35 266 35 ] [ 266 35 259 18 259 18 ] [ 259 18 287 29 287 29 ] [ 287 29 273 4 273 4 ] [ 273 4 329 49 329 49 ] [ 329 49 340 71 340 71 ] [ 340 71 354 78 354 78 ] [ 354 78 371 106 371 106 ] [ 371 106 336 99 336 99 ] [ 336 99 228 113 228 113 ] [ 228 113 231 127 231 127 ] [ 231 127 217 154 217 154 ] [ 217 154 192 176 192 176 ] ] [ [ 189 179 ] [ 189 179 227 165 227 165 ] [ 227 165 241 176 241 176 ] [ 241 176 238 200 238 200 ] [ 238 200 228 186 228 186 ] [ 228 186 168 200 168 200 ] [ 168 200 165 214 165 214 ] [ 165 214 158 197 158 197 ] [ 158 197 171 186 171 186 ] [ 171 186 161 151 161 151 ] [ 161 151 123 102 123 102 ] [ 123 102 42 74 42 74 ] [ 42 74 -10 88 -10 88 ] [ -10 88 17 70 17 70 ] [ 17 70 -28 78 -28 78 ] [ -28 78 7 60 7 60 ] [ 7 60 -24 43 -24 43 ] [ -24 43 -77 53 -77 53 ] [ -77 53 -56 39 -56 39 ] [ -56 39 -147 22 -147 22 ] [ -147 22 -168 0 -168 0 ] [ -168 0 -39 22 -39 22 ] [ -39 22 10 -13 10 -13 ] [ 10 -13 38 -10 38 -10 ] [ 38 -10 154 22 154 22 ] [ 154 22 238 14 238 14 ] [ 238 14 273 32 273 32 ] [ 273 32 263 15 263 15 ] [ 263 15 290 28 290 28 ] [ 290 28 277 -3 277 -3 ] [ 277 -3 333 46 333 46 ] [ 333 46 340 74 340 74 ] [ 340 74 357 81 357 81 ] [ 357 81 374 109 374 109 ] [ 374 109 336 95 336 95 ] [ 336 95 294 112 294 112 ] [ 294 112 178 112 178 112 ] [ 178 112 175 147 175 147 ] [ 175 147 189 179 189 179 ] ] [ [ 193 179 ] [ 193 179 231 165 231 165 ] [ 231 165 245 168 245 168 ] [ 245 168 245 196 245 196 ] [ 245 196 235 183 235 183 ] [ 235 183 175 203 175 203 ] [ 175 203 172 214 172 214 ] [ 172 214 161 193 161 193 ] [ 161 193 179 186 179 186 ] [ 179 186 158 141 158 141 ] [ 158 141 123 102 123 102 ] [ 123 102 32 71 32 71 ] [ 32 71 -28 39 -28 39 ] [ -28 39 -136 18 -136 18 ] [ -136 18 -168 -7 -168 -7 ] [ -168 -7 42 29 42 29 ] [ 42 29 4 11 4 11 ] [ 4 11 35 -10 35 -10 ] [ 35 -10 -24 -10 -24 -10 ] [ -24 -10 49 -45 49 -45 ] [ 49 -45 -31 -55 -31 -55 ] [ -31 -55 18 -66 18 -66 ] [ 18 -66 -28 -76 -28 -76 ] [ -28 -76 14 -94 14 -94 ] [ 14 -94 -17 -108 -17 -108 ] [ -17 -108 73 -129 73 -129 ] [ 73 -129 137 -98 137 -98 ] [ 137 -98 119 -118 119 -118 ] [ 119 -118 182 -87 182 -87 ] [ 182 -87 203 -90 203 -90 ] [ 203 -90 241 -59 241 -59 ] [ 241 -59 255 -87 255 -87 ] [ 255 -87 280 -35 280 -35 ] [ 280 -35 273 7 273 7 ] [ 273 7 259 21 259 21 ] [ 259 21 276 35 276 35 ] [ 276 35 273 18 273 18 ] [ 273 18 294 29 294 29 ] [ 294 29 284 0 284 0 ] [ 284 0 339 50 339 50 ] [ 339 50 346 71 346 71 ] [ 346 71 364 77 364 77 ] [ 364 77 381 109 381 109 ] [ 381 109 343 98 343 98 ] [ 343 98 284 109 284 109 ] [ 284 109 182 109 182 109 ] [ 182 109 182 148 182 148 ] [ 182 148 193 179 193 179 ] ] [ [ 200 179 ] [ 200 179 235 165 235 165 ] [ 235 165 252 169 252 169 ] [ 252 169 249 193 249 193 ] [ 249 193 241 182 241 182 ] [ 241 182 182 203 182 203 ] [ 182 203 182 217 182 217 ] [ 182 217 171 197 171 197 ] [ 171 197 185 183 185 183 ] [ 185 183 171 147 171 147 ] [ 171 147 130 99 130 99 ] [ 130 99 42 71 42 71 ] [ 42 71 -14 43 -14 43 ] [ -14 43 -130 22 -130 22 ] [ -130 22 -154 -3 -154 -3 ] [ -154 -3 38 28 38 28 ] [ 38 28 123 21 123 21 ] [ 123 21 49 8 49 8 ] [ 49 8 84 -3 84 -3 ] [ 84 -3 14 -14 14 -14 ] [ 14 -14 63 -27 63 -27 ] [ 63 -27 11 -49 11 -49 ] [ 11 -49 74 -69 74 -69 ] [ 74 -69 28 -90 28 -90 ] [ 28 -90 73 -115 73 -115 ] [ 73 -115 0 -122 0 -122 ] [ 0 -122 53 -143 53 -143 ] [ 53 -143 31 -147 31 -147 ] [ 31 -147 70 -164 70 -164 ] [ 70 -164 119 -161 119 -161 ] [ 119 -161 80 -178 80 -178 ] [ 80 -178 14 -175 14 -175 ] [ 14 -175 87 -188 87 -188 ] [ 87 -188 130 -178 130 -178 ] [ 130 -178 98 -202 98 -202 ] [ 98 -202 25 -220 25 -220 ] [ 25 -220 150 -199 150 -199 ] [ 150 -199 105 -248 105 -248 ] [ 105 -248 196 -182 196 -182 ] [ 196 -182 168 -258 168 -258 ] [ 168 -258 224 -185 224 -185 ] [ 224 -185 248 -174 248 -174 ] [ 248 -174 269 -122 269 -122 ] [ 269 -122 283 -188 283 -188 ] [ 283 -188 297 -94 297 -94 ] [ 297 -94 287 -34 287 -34 ] [ 287 -34 259 22 259 22 ] [ 259 22 280 32 280 32 ] [ 280 32 273 15 273 15 ] [ 273 15 297 28 297 28 ] [ 297 28 287 -3 287 -3 ] [ 287 -3 339 50 339 50 ] [ 339 50 354 71 354 71 ] [ 354 71 371 84 371 84 ] [ 371 84 385 109 385 109 ] [ 385 109 347 98 347 98 ] [ 347 98 266 109 266 109 ] [ 266 109 182 109 182 109 ] [ 182 109 189 147 189 147 ] [ 189 147 200 179 200 179 ] ] [ [ 203 175 ] [ 203 175 241 162 241 162 ] [ 241 162 259 165 259 165 ] [ 259 165 259 196 259 196 ] [ 259 196 245 179 245 179 ] [ 245 179 186 200 186 200 ] [ 186 200 186 214 186 214 ] [ 186 214 178 196 178 196 ] [ 178 196 189 182 189 182 ] [ 189 182 172 140 172 140 ] [ 172 140 133 99 133 99 ] [ 133 99 52 78 52 78 ] [ 52 78 -18 36 -18 36 ] [ -18 36 -136 15 -136 15 ] [ -136 15 -157 -3 -157 -3 ] [ -157 -3 28 28 28 28 ] [ 28 28 150 15 150 15 ] [ 150 15 119 -7 119 -7 ] [ 119 -7 143 -13 143 -13 ] [ 143 -13 87 -34 87 -34 ] [ 87 -34 108 -49 108 -49 ] [ 108 -49 70 -55 70 -55 ] [ 70 -55 112 -83 112 -83 ] [ 112 -83 46 -90 46 -90 ] [ 46 -90 82 -108 81 -118 ] [ 79 -132 39 -140 39 -140 ] [ 39 -140 105 -150 105 -150 ] [ 105 -150 129 -147 129 -147 ] [ 129 -147 102 -164 102 -164 ] [ 102 -164 49 -154 49 -154 ] [ 49 -154 95 -178 95 -178 ] [ 95 -178 49 -192 49 -192 ] [ 49 -192 116 -202 116 -202 ] [ 116 -202 45 -237 45 -237 ] [ 45 -237 137 -231 137 -231 ] [ 137 -231 53 -286 53 -286 ] [ 53 -286 171 -241 171 -241 ] [ 171 -241 133 -318 133 -318 ] [ 133 -318 213 -230 213 -230 ] [ 213 -230 199 -314 199 -314 ] [ 199 -314 276 -209 276 -209 ] [ 276 -209 283 -164 283 -164 ] [ 283 -164 301 -234 301 -234 ] [ 301 -234 311 -119 311 -119 ] [ 311 -119 301 -59 301 -59 ] [ 301 -59 273 4 273 4 ] [ 273 4 256 18 256 18 ] [ 256 18 287 35 287 35 ] [ 287 35 280 18 280 18 ] [ 280 18 304 29 304 29 ] [ 304 29 287 -3 287 -3 ] [ 287 -3 340 46 340 46 ] [ 340 46 357 71 357 71 ] [ 357 71 371 81 371 81 ] [ 371 81 388 109 388 109 ] [ 388 109 350 95 350 95 ] [ 350 95 301 109 301 109 ] [ 301 109 192 109 192 109 ] [ 192 109 193 137 193 137 ] [ 193 137 203 175 203 175 ] ] [ [ 210 175 ] [ 210 175 248 158 248 158 ] [ 248 158 263 165 263 165 ] [ 263 165 263 186 263 186 ] [ 263 186 252 179 252 179 ] [ 252 179 193 200 193 200 ] [ 193 200 196 214 196 214 ] [ 196 214 182 197 182 197 ] [ 182 197 196 183 196 183 ] [ 196 183 179 147 179 147 ] [ 179 147 140 102 140 102 ] [ 140 102 38 70 38 70 ] [ 38 70 -7 39 -7 39 ] [ -7 39 -115 22 -115 22 ] [ -115 22 -147 -3 -147 -3 ] [ -147 -3 42 32 42 32 ] [ 42 32 140 18 140 18 ] [ 140 18 126 0 126 0 ] [ 126 0 157 -13 157 -13 ] [ 157 -13 77 -52 77 -52 ] [ 77 -52 105 -62 105 -62 ] [ 105 -62 56 -76 56 -76 ] [ 56 -76 108 -90 108 -90 ] [ 108 -90 46 -104 46 -104 ] [ 46 -104 115 -118 115 -118 ] [ 115 -118 56 -143 56 -143 ] [ 56 -143 84 -150 84 -150 ] [ 84 -150 70 -157 70 -157 ] [ 70 -157 108 -167 108 -167 ] [ 108 -167 136 -161 136 -161 ] [ 136 -161 112 -178 112 -178 ] [ 112 -178 56 -175 56 -175 ] [ 56 -175 94 -192 94 -192 ] [ 94 -192 56 -202 56 -202 ] [ 56 -202 129 -213 129 -213 ] [ 129 -213 42 -248 42 -248 ] [ 42 -248 147 -244 147 -244 ] [ 147 -244 67 -314 67 -314 ] [ 67 -314 172 -255 172 -255 ] [ 172 -255 154 -332 154 -332 ] [ 154 -332 231 -237 231 -237 ] [ 231 -237 210 -332 210 -332 ] [ 210 -332 273 -237 273 -237 ] [ 273 -237 290 -168 290 -168 ] [ 290 -168 315 -248 315 -248 ] [ 315 -248 318 -125 318 -125 ] [ 318 -125 304 -63 304 -63 ] [ 304 -63 280 -3 280 -3 ] [ 280 -3 263 18 263 18 ] [ 263 18 287 29 287 29 ] [ 287 29 280 15 280 15 ] [ 280 15 301 25 301 25 ] [ 301 25 294 -6 294 -6 ] [ 294 -6 350 53 350 53 ] [ 350 53 357 67 357 67 ] [ 357 67 375 81 375 81 ] [ 375 81 388 109 388 109 ] [ 388 109 343 99 343 99 ] [ 343 99 319 105 319 105 ] [ 319 105 193 109 193 109 ] [ 193 109 199 144 199 144 ] [ 199 144 210 175 210 175 ] ] [ [ 217 175 ] [ 217 175 249 158 249 158 ] [ 249 158 266 158 266 158 ] [ 266 158 266 186 266 186 ] [ 266 186 259 176 259 176 ] [ 259 176 200 200 200 200 ] [ 200 200 200 217 200 217 ] [ 200 217 186 204 186 204 ] [ 186 204 203 186 203 186 ] [ 203 186 185 148 185 148 ] [ 185 148 144 95 144 95 ] [ 144 95 74 85 74 85 ] [ 74 85 -14 36 -14 36 ] [ -14 36 -102 22 -102 22 ] [ -102 22 -150 -3 -150 -3 ] [ -150 -3 28 28 28 28 ] [ 28 28 157 18 157 18 ] [ 157 18 130 1 130 1 ] [ 130 1 157 -6 157 -6 ] [ 157 -6 91 -48 91 -48 ] [ 91 -48 116 -59 116 -59 ] [ 116 -59 81 -73 81 -73 ] [ 81 -73 129 -87 129 -87 ] [ 129 -87 70 -104 70 -104 ] [ 70 -104 119 -125 119 -125 ] [ 119 -125 56 -143 56 -143 ] [ 56 -143 91 -146 91 -146 ] [ 91 -146 70 -157 70 -157 ] [ 70 -157 115 -164 115 -164 ] [ 115 -164 137 -161 137 -161 ] [ 137 -161 116 -178 116 -178 ] [ 116 -178 56 -175 56 -175 ] [ 56 -175 105 -192 105 -192 ] [ 105 -192 53 -206 53 -206 ] [ 53 -206 143 -213 143 -213 ] [ 143 -213 52 -255 52 -255 ] [ 52 -255 150 -241 150 -241 ] [ 150 -241 70 -314 70 -314 ] [ 70 -314 189 -251 189 -251 ] [ 189 -251 151 -332 151 -332 ] [ 151 -332 235 -237 235 -237 ] [ 235 -237 214 -342 214 -342 ] [ 214 -342 280 -230 280 -230 ] [ 280 -230 294 -171 294 -171 ] [ 294 -171 318 -244 318 -244 ] [ 318 -244 322 -133 322 -133 ] [ 322 -133 304 -55 304 -55 ] [ 304 -55 280 4 280 4 ] [ 280 4 269 15 269 15 ] [ 269 15 287 29 287 29 ] [ 287 29 287 15 287 15 ] [ 287 15 311 25 311 25 ] [ 311 25 301 -3 301 -3 ] [ 301 -3 354 53 354 53 ] [ 354 53 364 71 364 71 ] [ 364 71 381 78 378 78 ] [ 375 78 395 109 395 109 ] [ 395 109 364 99 364 99 ] [ 364 99 305 112 305 112 ] [ 305 112 200 109 200 109 ] [ 200 109 203 141 203 141 ] [ 203 141 217 175 217 175 ] ] [ [ 221 175 ] [ 221 175 255 157 255 157 ] [ 255 157 273 161 273 161 ] [ 273 161 270 188 270 188 ] [ 270 188 262 168 262 168 ] [ 262 168 203 199 203 199 ] [ 203 199 203 213 203 213 ] [ 203 213 192 196 192 196 ] [ 192 196 206 182 206 182 ] [ 206 182 189 147 189 147 ] [ 189 147 147 101 147 101 ] [ 147 101 74 84 74 84 ] [ 74 84 -14 35 -14 35 ] [ -14 35 -122 17 -122 17 ] [ -122 17 -150 -4 -150 -4 ] [ -150 -4 32 28 32 28 ] [ 32 28 179 13 179 13 ] [ 179 13 102 -49 102 -49 ] [ 102 -49 154 -60 154 -60 ] [ 154 -60 101 -74 101 -74 ] [ 101 -74 143 -88 143 -88 ] [ 143 -88 77 -109 77 -109 ] [ 77 -109 119 -119 119 -119 ] [ 119 -119 63 -147 63 -147 ] [ 63 -147 108 -162 108 -162 ] [ 108 -162 133 -165 133 -165 ] [ 133 -165 116 -182 116 -182 ] [ 116 -182 60 -169 60 -169 ] [ 60 -169 101 -196 101 -196 ] [ 101 -196 70 -207 70 -207 ] [ 70 -207 154 -210 154 -210 ] [ 154 -210 112 -230 112 -230 ] [ 112 -230 56 -255 56 -255 ] [ 56 -255 129 -245 129 -245 ] [ 129 -245 175 -230 175 -230 ] [ 175 -230 88 -297 88 -297 ] [ 88 -297 186 -251 186 -251 ] [ 186 -251 164 -325 164 -325 ] [ 164 -325 234 -241 234 -241 ] [ 234 -241 214 -339 214 -339 ] [ 214 -339 284 -234 284 -234 ] [ 284 -234 301 -168 301 -168 ] [ 301 -168 322 -255 322 -255 ] [ 322 -255 326 -126 326 -126 ] [ 326 -126 308 -52 308 -52 ] [ 308 -52 287 -3 287 -3 ] [ 287 -3 270 18 270 18 ] [ 270 18 294 28 294 28 ] [ 294 28 287 11 287 11 ] [ 287 11 308 25 308 25 ] [ 308 25 298 -6 298 -6 ] [ 298 -6 354 50 354 50 ] [ 354 50 368 74 368 74 ] [ 368 74 385 81 385 81 ] [ 385 81 399 109 399 109 ] [ 399 109 357 95 357 95 ] [ 357 95 294 109 294 109 ] [ 294 109 200 106 200 106 ] [ 200 106 206 144 206 144 ] [ 206 144 221 175 221 175 ] ] ]
TPL fireburst
FRAMES 5
TPL firefoxcharge
FRAMES 1
KEY path [ [ [ -30 -64 ] [ -30 -64 -24 -36 -24 -36 ] [ -24 -36 -21 -58 -21 -58 ] [ -21 -58 -18 -71 -18 -71 ] [ -18 -71 -4 -47 -4 -47 ] [ -4 -53 -4 -64 -2 -69 ] [ -2 -69 9 -34 9 -34 ] [ 10 -41 13 -60 16 -65 ] [ 16 -65 20 -41 20 -41 ] [ 20 -41 36 -64 36 -64 ] [ 36 -64 36 -47 36 -47 ] [ 36 -47 35 -38 35 -38 ] [ 35 -38 36 -33 36 -33 ] [ 38 -39 46 -57 50 -62 ] [ 50 -62 48 -30 48 -30 ] [ 48 -30 62 -51 62 -51 ] [ 62 -51 78 -72 78 -72 ] [ 78 -72 70 -36 70 -36 ] [ 72 -41 79 -55 84 -58 ] [ 84 -58 81 -26 81 -26 ] [ 81 -26 107 -60 107 -60 ] [ 107 -60 98 -37 98 -37 ] [ 101 -42 105 -47 110 -51 ] [ 108 -45 104 -39 101 -34 ] [ 101 -34 82 -2 82 -2 ] [ 80 2 74 15 70 17 ] [ 65 20 44 23 37 24 ] [ 10 27 -18 27 -45 24 ] [ -45 24 -70 21 -70 21 ] [ -73 20 -79 19 -81 17 ] [ -84 15 -92 0 -94 -5 ] [ -94 -5 -124 -61 -124 -61 ] [ -117 -58 -101 -40 -95 -34 ] [ -95 -34 -105 -56 -105 -56 ] [ -105 -56 -86 -41 -86 -41 ] [ -86 -41 -87 -64 -87 -64 ] [ -87 -64 -87 -74 -87 -74 ] [ -87 -74 -72 -43 -72 -43 ] [ -72 -43 -70 -63 -70 -63 ] [ -70 -63 -56 -32 -56 -32 ] [ -56 -32 -58 -53 -58 -53 ] [ -58 -53 -58 -64 -58 -64 ] [ -58 -64 -42 -28 -42 -28 ] [ -42 -28 -34 -77 -34 -77 ] [ -34 -77 -30 -64 -30 -64 ] ] [ [ -44 -41 ] [ -44 -41 -42 -65 -42 -65 ] [ -42 -65 -28 -44 -28 -44 ] [ -28 -44 -27 -67 -27 -67 ] [ -27 -67 -15 -35 -15 -35 ] [ -15 -35 -8 -51 -8 -51 ] [ -8 -51 0 -37 0 -37 ] [ 0 -43 1 -59 4 -63 ] [ 4 -63 11 -37 11 -37 ] [ 11 -37 13 -52 13 -52 ] [ 13 -52 25 -40 25 -40 ] [ 25 -40 33 -54 33 -54 ] [ 33 -54 36 -35 36 -35 ] [ 36 -35 57 -56 57 -56 ] [ 57 -56 72 -71 72 -71 ] [ 72 -71 63 -42 63 -42 ] [ 63 -42 83 -59 83 -59 ] [ 83 -59 72 -36 72 -36 ] [ 77 -41 84 -49 90 -52 ] [ 90 -52 81 -35 81 -35 ] [ 81 -35 116 -63 116 -63 ] [ 116 -63 100 -33 100 -33 ] [ 100 -33 128 -48 128 -48 ] [ 125 -41 113 -30 107 -24 ] [ 107 -24 90 -6 90 -6 ] [ 87 -2 81 5 76 8 ] [ 69 11 49 14 41 15 ] [ 41 15 17 17 17 17 ] [ 17 17 -28 17 -28 17 ] [ -28 17 -63 13 -63 13 ] [ -69 12 -82 9 -88 6 ] [ -94 3 -102 -7 -107 -12 ] [ -116 -21 -136 -41 -142 -50 ] [ -142 -50 -99 -31 -99 -31 ] [ -99 -31 -114 -64 -114 -64 ] [ -114 -64 -78 -32 -78 -32 ] [ -78 -32 -86 -61 -86 -61 ] [ -86 -61 -75 -49 -75 -49 ] [ -75 -49 -58 -28 -58 -28 ] [ -58 -28 -65 -73 -65 -73 ] [ -65 -73 -44 -41 -44 -41 ] ] [ [ -3 -47 ] [ -3 -47 0 -69 0 -69 ] [ 0 -69 8 -44 8 -44 ] [ 8 -44 23 -59 23 -59 ] [ 23 -59 21 -45 21 -45 ] [ 21 -45 48 -64 48 -64 ] [ 48 -64 39 -40 39 -40 ] [ 39 -40 63 -56 63 -56 ] [ 63 -56 58 -38 58 -38 ] [ 58 -38 74 -55 74 -55 ] [ 74 -55 69 -33 69 -33 ] [ 69 -33 89 -45 89 -45 ] [ 89 -45 108 -56 108 -56 ] [ 108 -56 97 -42 97 -42 ] [ 97 -42 110 -50 110 -50 ] [ 110 -50 97 -27 97 -27 ] [ 97 -27 136 -46 136 -46 ] [ 132 -41 118 -32 112 -28 ] [ 112 -28 132 -33 132 -33 ] [ 132 -33 142 -34 142 -34 ] [ 142 -34 101 -10 101 -10 ] [ 95 -6 79 4 74 6 ] [ 59 11 38 11 22 12 ] [ 22 12 12 13 12 13 ] [ 12 13 -30 13 -30 13 ] [ -30 13 -43 12 -43 12 ] [ -57 11 -75 10 -88 6 ] [ -88 6 -134 -20 -134 -20 ] [ -141 -23 -160 -34 -165 -38 ] [ -165 -38 -126 -27 -126 -27 ] [ -126 -27 -147 -49 -147 -49 ] [ -147 -49 -104 -28 -104 -28 ] [ -104 -28 -119 -48 -119 -48 ] [ -119 -48 -89 -29 -89 -29 ] [ -89 -29 -104 -61 -104 -61 ] [ -104 -61 -77 -40 -77 -40 ] [ -77 -40 -82 -58 -82 -58 ] [ -82 -58 -58 -35 -58 -35 ] [ -58 -35 -65 -57 -65 -57 ] [ -65 -57 -43 -37 -43 -37 ] [ -43 -37 -46 -53 -46 -53 ] [ -46 -53 -16 -42 -16 -42 ] [ -16 -42 -28 -70 -28 -70 ] [ -28 -70 -3 -47 -3 -47 ] ] [ [ -13 -38 ] [ -13 -38 -14 -47 -14 -47 ] [ -14 -47 8 -36 8 -36 ] [ 8 -36 11 -45 11 -45 ] [ 11 -45 13 -45 13 -45 ] [ 13 -45 16 -41 16 -41 ] [ 24 -33 25 -39 35 -44 ] [ 35 -44 35 -34 35 -34 ] [ 35 -34 79 -50 79 -50 ] [ 79 -50 66 -34 66 -34 ] [ 66 -34 99 -43 99 -43 ] [ 99 -43 93 -27 93 -27 ] [ 93 -27 129 -41 129 -41 ] [ 129 -41 117 -28 117 -28 ] [ 117 -28 145 -33 145 -33 ] [ 145 -33 123 -20 123 -20 ] [ 123 -20 153 -24 153 -24 ] [ 153 -24 166 -25 166 -25 ] [ 166 -25 147 -17 147 -17 ] [ 147 -17 157 -17 157 -17 ] [ 157 -17 133 -8 133 -8 ] [ 102 3 81 8 48 11 ] [ 48 11 28 13 28 13 ] [ 28 13 8 14 8 14 ] [ 8 14 -11 14 -11 14 ] [ -11 14 -33 13 -33 13 ] [ -33 13 -44 12 -44 12 ] [ -44 12 -81 8 -81 8 ] [ -92 7 -111 3 -122 -1 ] [ -122 -1 -143 -11 -143 -11 ] [ -143 -11 -166 -22 -166 -22 ] [ -171 -24 -176 -26 -180 -29 ] [ -180 -29 -154 -25 -154 -25 ] [ -154 -25 -129 -20 -129 -20 ] [ -129 -20 -151 -43 -151 -43 ] [ -151 -43 -119 -28 -119 -28 ] [ -119 -28 -127 -41 -127 -41 ] [ -127 -41 -101 -28 -101 -28 ] [ -101 -28 -113 -41 -113 -41 ] [ -113 -41 -84 -29 -84 -29 ] [ -84 -29 -93 -45 -93 -45 ] [ -86 -44 -80 -41 -73 -40 ] [ -71 -39 -67 -37 -65 -39 ] [ -63 -40 -63 -45 -62 -47 ] [ -62 -47 -36 -34 -36 -34 ] [ -36 -34 -36 -50 -36 -50 ] [ -36 -50 -13 -38 -13 -38 ] ] [ [ 2 -155 ] [ 2 -147 1 -125 3 -118 ] [ 3 -118 6 -145 6 -145 ] [ 6 -145 9 -163 9 -163 ] [ 10 -154 11 -132 14 -125 ] [ 14 -125 16 -148 16 -148 ] [ 16 -148 18 -164 18 -164 ] [ 18 -164 21 -117 21 -117 ] [ 21 -117 30 -155 30 -155 ] [ 30 -155 30 -141 30 -141 ] [ 30 -141 29 -120 29 -120 ] [ 29 -120 28 -98 28 -98 ] [ 28 -98 27 -81 27 -81 ] [ 27 -81 26 -61 26 -61 ] [ 26 -61 26 -49 26 -49 ] [ 26 -49 25 -38 25 -38 ] [ 25 -38 25 -27 25 -27 ] [ 25 -27 24 -17 24 -17 ] [ 24 -13 25 -4 23 -1 ] [ 19 6 0 5 -7 5 ] [ -7 5 -27 3 -27 3 ] [ -29 3 -32 2 -34 0 ] [ -36 -2 -35 -14 -35 -17 ] [ -35 -17 -36 -34 -36 -34 ] [ -36 -34 -36 -46 -36 -46 ] [ -36 -46 -37 -58 -37 -58 ] [ -37 -58 -39 -114 -39 -114 ] [ -39 -114 -40 -131 -40 -131 ] [ -40 -131 -40 -140 -40 -140 ] [ -40 -147 -42 -156 -40 -162 ] [ -40 -162 -36 -124 -36 -124 ] [ -36 -124 -33 -96 -33 -96 ] [ -33 -96 -33 -135 -33 -135 ] [ -33 -135 -32 -154 -32 -154 ] [ -32 -154 -29 -138 -29 -138 ] [ -29 -145 -30 -154 -27 -160 ] [ -27 -160 -24 -133 -24 -133 ] [ -24 -133 -21 -112 -21 -112 ] [ -21 -112 -21 -129 -21 -129 ] [ -21 -129 -20 -145 -20 -145 ] [ -20 -151 -20 -164 -18 -169 ] [ -18 -162 -16 -144 -14 -139 ] [ -14 -145 -15 -153 -12 -158 ] [ -12 -158 -4 -124 -4 -124 ] [ -4 -124 0 -171 0 -171 ] [ 3 -166 2 -160 2 -155 ] ] [ [ 5 -142 ] [ 7 -129 4 -116 8 -103 ] [ 8 -103 10 -124 10 -124 ] [ 10 -124 12 -135 12 -135 ] [ 12 -135 15 -106 15 -106 ] [ 15 -106 17 -89 17 -89 ] [ 17 -89 22 -125 22 -125 ] [ 22 -125 26 -144 26 -144 ] [ 26 -144 32 -91 32 -91 ] [ 32 -91 38 -127 38 -127 ] [ 38 -127 41 -144 41 -144 ] [ 41 -144 39 -107 39 -107 ] [ 39 -107 39 -98 39 -98 ] [ 39 -98 38 -88 38 -88 ] [ 38 -88 37 -67 37 -67 ] [ 37 -67 36 -54 36 -54 ] [ 36 -54 35 -33 35 -33 ] [ 35 -33 34 -23 34 -23 ] [ 34 -23 33 -7 33 -7 ] [ 33 -4 33 0 31 3 ] [ 29 5 25 6 22 7 ] [ 17 8 4 9 -1 9 ] [ -9 9 -23 9 -31 7 ] [ -34 7 -39 6 -41 4 ] [ -43 2 -43 -2 -44 -4 ] [ -44 -4 -45 -27 -45 -27 ] [ -45 -27 -48 -65 -48 -65 ] [ -48 -65 -51 -104 -51 -104 ] [ -51 -111 -54 -129 -52 -135 ] [ -52 -135 -41 -97 -41 -97 ] [ -41 -97 -41 -133 -41 -133 ] [ -41 -139 -42 -145 -39 -150 ] [ -39 -150 -32 -119 -32 -119 ] [ -32 -119 -26 -92 -26 -92 ] [ -26 -92 -22 -127 -22 -127 ] [ -22 -127 -19 -149 -19 -149 ] [ -19 -149 -5 -83 -5 -83 ] [ -5 -83 4 -152 4 -152 ] [ 5 -148 5 -146 5 -142 ] ] [ [ 9 -126 ] [ 9 -115 8 -99 11 -89 ] [ 11 -95 12 -110 15 -115 ] [ 15 -115 20 -72 20 -72 ] [ 20 -72 31 -115 31 -115 ] [ 32 -121 33 -129 37 -134 ] [ 37 -134 34 -110 34 -110 ] [ 34 -110 33 -94 33 -94 ] [ 33 -94 40 -115 40 -115 ] [ 40 -115 43 -75 43 -75 ] [ 43 -75 50 -106 50 -106 ] [ 50 -106 54 -123 54 -123 ] [ 54 -123 50 -87 50 -87 ] [ 50 -87 43 -27 43 -27 ] [ 43 -27 41 -5 41 -5 ] [ 41 -2 40 4 38 7 ] [ 34 12 15 14 8 14 ] [ 8 14 -32 13 -32 13 ] [ -36 13 -45 11 -49 8 ] [ -51 6 -51 2 -51 -1 ] [ -51 -1 -54 -23 -54 -23 ] [ -54 -23 -62 -96 -62 -96 ] [ -63 -103 -66 -119 -64 -125 ] [ -64 -125 -50 -77 -50 -77 ] [ -50 -77 -50 -91 -50 -91 ] [ -50 -91 -49 -106 -49 -106 ] [ -49 -106 -47 -123 -47 -123 ] [ -47 -123 -27 -67 -27 -67 ] [ -27 -67 -27 -88 -27 -88 ] [ -27 -88 -26 -102 -26 -102 ] [ -26 -102 -25 -134 -25 -134 ] [ -25 -134 -20 -118 -20 -118 ] [ -20 -118 -10 -85 -10 -85 ] [ -10 -85 -4 -68 -4 -68 ] [ -4 -68 1 -101 1 -101 ] [ 1 -101 8 -142 8 -142 ] [ 10 -138 9 -131 9 -126 ] ] [ [ -27 -106 ] [ -27 -106 -24 -73 -24 -73 ] [ -24 -73 -22 -73 -22 -73 ] [ -22 -79 -21 -95 -19 -100 ] [ -19 -100 -6 -64 -6 -64 ] [ -6 -64 2 -100 2 -100 ] [ 2 -100 6 -119 6 -119 ] [ 6 -119 10 -70 10 -70 ] [ 10 -70 20 -98 20 -98 ] [ 20 -98 25 -58 25 -58 ] [ 25 -58 32 -85 32 -85 ] [ 32 -85 40 -114 40 -114 ] [ 40 -114 41 -103 41 -103 ] [ 41 -103 42 -78 42 -78 ] [ 43 -83 45 -91 48 -95 ] [ 48 -95 50 -71 50 -71 ] [ 50 -71 55 -90 55 -90 ] [ 55 -90 61 -105 61 -105 ] [ 61 -105 58 -65 58 -65 ] [ 58 -65 63 -86 63 -86 ] [ 63 -86 68 -99 68 -99 ] [ 68 -99 62 -68 62 -68 ] [ 62 -68 53 -18 53 -18 ] [ 53 -18 50 1 50 1 ] [ 49 4 49 8 46 10 ] [ 44 12 40 13 37 14 ] [ 32 15 20 16 15 16 ] [ 15 16 -38 15 -38 15 ] [ -43 15 -53 14 -57 11 ] [ -60 9 -60 5 -61 2 ] [ -61 2 -64 -17 -64 -17 ] [ -64 -17 -76 -83 -76 -83 ] [ -77 -89 -82 -105 -80 -110 ] [ -80 -110 -59 -54 -59 -54 ] [ -59 -54 -60 -75 -60 -75 ] [ -60 -75 -61 -87 -61 -87 ] [ -61 -87 -61 -102 -61 -102 ] [ -61 -102 -61 -116 -61 -116 ] [ -61 -116 -54 -82 -54 -82 ] [ -54 -82 -52 -99 -52 -99 ] [ -52 -99 -38 -59 -38 -59 ] [ -38 -59 -29 -120 -29 -120 ] [ -29 -120 -27 -106 -27 -106 ] ] [ [ 11 -86 ] [ 11 -86 18 -48 18 -48 ] [ 18 -48 24 -73 24 -73 ] [ 24 -73 32 -57 32 -57 ] [ 32 -57 43 -85 43 -85 ] [ 43 -85 50 -100 50 -100 ] [ 50 -100 43 -57 43 -57 ] [ 43 -57 58 -82 58 -82 ] [ 58 -82 55 -49 55 -49 ] [ 55 -49 67 -76 67 -76 ] [ 67 -76 76 -94 76 -94 ] [ 76 -94 71 -67 71 -67 ] [ 71 -67 69 -51 69 -51 ] [ 69 -51 83 -86 83 -86 ] [ 82 -80 79 -70 77 -63 ] [ 77 -63 62 -13 62 -13 ] [ 62 -13 57 4 57 4 ] [ 57 7 56 10 54 12 ] [ 51 14 45 15 42 15 ] [ 42 15 15 18 15 18 ] [ -4 18 -22 18 -41 16 ] [ -46 15 -61 14 -65 10 ] [ -68 7 -71 -8 -73 -13 ] [ -73 -13 -88 -69 -88 -69 ] [ -89 -74 -94 -87 -93 -92 ] [ -93 -92 -72 -53 -72 -53 ] [ -72 -53 -70 -78 -70 -78 ] [ -70 -78 -68 -95 -68 -95 ] [ -68 -95 -58 -59 -58 -59 ] [ -58 -65 -57 -75 -54 -80 ] [ -54 -80 -41 -43 -41 -43 ] [ -41 -43 -35 -99 -35 -99 ] [ -35 -99 -33 -99 -33 -99 ] [ -33 -99 -28 -63 -28 -63 ] [ -26 -69 -23 -86 -20 -90 ] [ -20 -83 -19 -65 -16 -60 ] [ -16 -60 -13 -79 -13 -79 ] [ -13 -79 -11 -79 -11 -79 ] [ -11 -79 -4 -53 -4 -53 ] [ -4 -53 7 -101 7 -101 ] [ 7 -101 11 -86 11 -86 ] ] [ [ -39 -78 ] [ -39 -78 -34 -51 -34 -51 ] [ -34 -51 -29 -70 -29 -70 ] [ -28 -74 -28 -77 -25 -79 ] [ -25 -79 -21 -45 -21 -45 ] [ -21 -50 -19 -64 -16 -68 ] [ -16 -68 2 -41 2 -41 ] [ 2 -47 4 -67 6 -72 ] [ 6 -72 19 -30 19 -30 ] [ 19 -30 24 -65 24 -65 ] [ 24 -65 26 -65 26 -65 ] [ 26 -65 31 -42 31 -42 ] [ 31 -42 46 -70 46 -70 ] [ 46 -70 57 -88 57 -88 ] [ 55 -80 50 -59 51 -52 ] [ 54 -58 60 -71 65 -75 ] [ 65 -66 64 -40 66 -33 ] [ 66 -33 80 -62 80 -62 ] [ 80 -62 89 -78 89 -78 ] [ 89 -78 80 -46 80 -46 ] [ 80 -46 95 -69 95 -69 ] [ 95 -69 73 -12 73 -12 ] [ 71 -7 67 6 63 9 ] [ 59 11 42 14 37 15 ] [ 10 20 -17 20 -44 15 ] [ -44 15 -65 11 -65 11 ] [ -68 10 -72 9 -74 7 ] [ -77 5 -79 -2 -80 -5 ] [ -80 -5 -92 -39 -92 -39 ] [ -92 -39 -100 -62 -100 -62 ] [ -101 -66 -104 -71 -103 -75 ] [ -103 -75 -81 -43 -81 -43 ] [ -81 -43 -83 -72 -83 -72 ] [ -83 -72 -83 -85 -83 -85 ] [ -83 -85 -72 -49 -72 -49 ] [ -72 -56 -72 -69 -70 -75 ] [ -70 -75 -63 -58 -63 -58 ] [ -63 -58 -62 -76 -62 -76 ] [ -62 -76 -48 -40 -48 -40 ] [ -48 -40 -43 -91 -43 -91 ] [ -43 -91 -39 -78 -39 -78 ] ] ]
TPL firefoxlaunch
FRAMES 1
KEY path [ [ [ -13 -259 ] [ -13 -259 13 -278 13 -278 ] [ 13 -278 25 -283 25 -283 ] [ 25 -283 37 -286 37 -286 ] [ 37 -286 56 -278 56 -278 ] [ 56 -278 76 -269 76 -269 ] [ 76 -269 96 -254 96 -254 ] [ 96 -254 111 -241 111 -241 ] [ 111 -241 89 -241 89 -241 ] [ 89 -241 114 -209 114 -209 ] [ 114 -209 129 -173 129 -173 ] [ 129 -173 117 -189 117 -189 ] [ 117 -189 117 -180 117 -180 ] [ 117 -171 121 -163 124 -154 ] [ 124 -154 135 -121 135 -121 ] [ 135 -121 123 -137 123 -137 ] [ 123 -137 129 -112 129 -112 ] [ 129 -112 130 -100 130 -100 ] [ 130 -100 108 -146 108 -146 ] [ 108 -139 111 -121 109 -115 ] [ 109 -115 105 -121 105 -121 ] [ 105 -115 106 -94 104 -89 ] [ 104 -89 97 -122 97 -122 ] [ 97 -122 95 -122 95 -122 ] [ 95 -122 94 -102 94 -102 ] [ 94 -102 79 -140 79 -140 ] [ 79 -140 81 -121 81 -121 ] [ 81 -121 79 -106 79 -106 ] [ 79 -106 83 -85 83 -85 ] [ 83 -85 91 -49 91 -49 ] [ 91 -49 84 -59 84 -59 ] [ 84 -59 72 -86 72 -86 ] [ 72 -86 67 -68 67 -68 ] [ 67 -68 59 -79 59 -79 ] [ 59 -79 61 -56 61 -56 ] [ 61 -56 50 -71 50 -71 ] [ 48 -65 44 -54 40 -50 ] [ 40 -50 39 -59 39 -59 ] [ 39 -59 38 -77 38 -77 ] [ 35 -72 29 -63 25 -59 ] [ 25 -59 24 -74 24 -74 ] [ 24 -74 22 -74 22 -74 ] [ 22 -68 19 -55 16 -50 ] [ 16 -50 7 -75 7 -75 ] [ 7 -75 0 -61 0 -61 ] [ 0 -61 -5 -82 -5 -82 ] [ -5 -82 -18 -53 -18 -53 ] [ -18 -53 -6 -121 -6 -121 ] [ -4 -128 -1 -143 -2 -149 ] [ -2 -149 -10 -130 -10 -130 ] [ -13 -123 -16 -110 -20 -105 ] [ -20 -105 -19 -114 -19 -114 ] [ -19 -114 -17 -141 -17 -141 ] [ -17 -141 -29 -128 -29 -128 ] [ -29 -128 -37 -100 -37 -100 ] [ -37 -100 -36 -132 -36 -132 ] [ -36 -132 -49 -130 -49 -130 ] [ -49 -130 -40 -153 -40 -153 ] [ -44 -146 -62 -127 -68 -120 ] [ -72 -115 -76 -109 -82 -106 ] [ -82 -106 -77 -130 -77 -130 ] [ -77 -130 -89 -123 -89 -123 ] [ -89 -123 -64 -161 -64 -161 ] [ -64 -161 -79 -149 -79 -149 ] [ -79 -149 -60 -192 -60 -192 ] [ -60 -192 -45 -210 -45 -210 ] [ -45 -210 -20 -240 -20 -240 ] [ -20 -240 -34 -241 -34 -241 ] [ -34 -241 -13 -259 -13 -259 ] ] [ [ 19 -248 ] [ 20 -246 23 -243 25 -244 ] [ 29 -246 33 -252 41 -255 ] [ 41 -255 43 -248 43 -248 ] [ 43 -248 47 -262 47 -262 ] [ 47 -262 61 -239 61 -239 ] [ 61 -239 61 -248 61 -248 ] [ 61 -248 78 -233 78 -233 ] [ 78 -233 88 -224 88 -224 ] [ 88 -224 104 -204 104 -204 ] [ 104 -204 116 -189 116 -189 ] [ 116 -189 137 -152 137 -152 ] [ 137 -152 161 -74 161 -74 ] [ 161 -74 150 -80 150 -80 ] [ 150 -80 139 -76 139 -76 ] [ 139 -76 146 -62 146 -62 ] [ 133 -66 131 -69 123 -79 ] [ 123 -79 128 -59 128 -59 ] [ 128 -59 118 -68 118 -68 ] [ 117 -63 114 -58 110 -55 ] [ 109 -68 104 -92 99 -105 ] [ 99 -105 100 -75 100 -75 ] [ 100 -75 101 -61 101 -61 ] [ 95 -64 91 -69 86 -74 ] [ 85 -68 84 -56 81 -52 ] [ 81 -52 71 -75 71 -75 ] [ 70 -69 65 -49 62 -44 ] [ 62 -44 58 -59 58 -59 ] [ 58 -59 56 -77 56 -77 ] [ 56 -77 51 -59 51 -59 ] [ 47 -62 43 -72 41 -77 ] [ 39 -72 34 -60 29 -57 ] [ 29 -57 23 -72 23 -72 ] [ 23 -72 20 -55 20 -55 ] [ 20 -55 19 -44 19 -44 ] [ 19 -44 2 -71 2 -71 ] [ 2 -71 -2 -56 -2 -56 ] [ -2 -56 -8 -73 -8 -73 ] [ -10 -73 -13 -72 -15 -71 ] [ -19 -68 -23 -53 -25 -48 ] [ -25 -48 -31 -69 -31 -69 ] [ -31 -69 -29 -94 -29 -94 ] [ -30 -87 -37 -65 -41 -60 ] [ -41 -60 -42 -76 -42 -76 ] [ -42 -76 -45 -84 -45 -84 ] [ -45 -84 -47 -84 -47 -84 ] [ -47 -84 -57 -60 -57 -60 ] [ -57 -60 -57 -72 -57 -72 ] [ -57 -72 -56 -84 -56 -84 ] [ -73 -72 -69 -68 -79 -59 ] [ -79 -59 -79 -75 -79 -75 ] [ -79 -75 -90 -69 -90 -69 ] [ -90 -69 -77 -95 -77 -95 ] [ -77 -95 -55 -148 -55 -148 ] [ -55 -148 -43 -178 -43 -178 ] [ -43 -178 -32 -199 -32 -199 ] [ -32 -199 -60 -170 -60 -170 ] [ -60 -170 -85 -139 -85 -139 ] [ -85 -139 -75 -167 -75 -167 ] [ -75 -167 -106 -131 -106 -131 ] [ -106 -131 -89 -167 -89 -167 ] [ -94 -162 -103 -153 -109 -150 ] [ -109 -150 -77 -189 -77 -189 ] [ -77 -189 -46 -226 -46 -226 ] [ -46 -226 -31 -238 -31 -238 ] [ -31 -238 -12 -251 -12 -251 ] [ -12 -251 -19 -239 -19 -239 ] [ -19 -239 13 -261 13 -261 ] [ 13 -261 9 -246 9 -246 ] [ 9 -246 22 -262 22 -262 ] [ 24 -256 19 -252 19 -248 ] ] [ [ -114 -217 ] [ -114 -217 -93 -228 -93 -228 ] [ -93 -228 -51 -249 -51 -249 ] [ -51 -249 -12 -270 -12 -270 ] [ -12 -270 5 -275 5 -275 ] [ 5 -275 38 -284 38 -284 ] [ 42 -284 52 -280 56 -279 ] [ 56 -279 89 -268 89 -268 ] [ 89 -268 117 -259 117 -259 ] [ 122 -257 128 -257 132 -253 ] [ 132 -253 124 -251 124 -251 ] [ 124 -251 153 -235 153 -235 ] [ 153 -235 204 -206 204 -206 ] [ 212 -202 235 -190 240 -185 ] [ 240 -185 207 -191 207 -191 ] [ 207 -191 228 -152 228 -152 ] [ 228 -152 208 -162 208 -162 ] [ 208 -162 189 -172 189 -172 ] [ 189 -172 161 -186 161 -186 ] [ 161 -186 171 -170 171 -170 ] [ 171 -170 164 -163 164 -163 ] [ 164 -163 166 -154 166 -154 ] [ 166 -154 172 -134 172 -134 ] [ 172 -134 159 -151 159 -151 ] [ 159 -151 139 -178 139 -178 ] [ 140 -172 144 -157 142 -152 ] [ 138 -159 129 -172 124 -177 ] [ 124 -172 123 -167 120 -163 ] [ 120 -163 115 -177 115 -177 ] [ 113 -174 106 -166 106 -163 ] [ 106 -160 115 -147 117 -143 ] [ 117 -143 96 -154 96 -154 ] [ 96 -154 111 -101 111 -101 ] [ 112 -96 117 -84 115 -79 ] [ 115 -79 102 -108 102 -108 ] [ 102 -108 102 -86 102 -86 ] [ 102 -86 101 -73 101 -73 ] [ 101 -73 85 -122 85 -122 ] [ 85 -122 84 -111 84 -111 ] [ 84 -111 81 -80 81 -80 ] [ 81 -75 81 -65 78 -61 ] [ 73 -68 63 -82 57 -87 ] [ 57 -87 54 -63 54 -63 ] [ 54 -63 51 -48 51 -48 ] [ 51 -48 39 -80 39 -80 ] [ 39 -80 29 -53 29 -53 ] [ 25 -68 28 -75 14 -85 ] [ 14 -85 3 -53 3 -53 ] [ 3 -53 6 -87 6 -87 ] [ 6 -87 10 -143 10 -143 ] [ 10 -143 13 -186 13 -186 ] [ 12 -181 6 -166 2 -163 ] [ 2 -163 -2 -174 -2 -174 ] [ -2 -174 -30 -67 -30 -67 ] [ -30 -67 -38 -76 -38 -76 ] [ -41 -71 -49 -62 -54 -58 ] [ -54 -58 -47 -81 -47 -81 ] [ -47 -81 -30 -135 -30 -135 ] [ -30 -135 -21 -164 -21 -164 ] [ -21 -164 -27 -180 -27 -180 ] [ -30 -174 -42 -159 -47 -155 ] [ -47 -166 -49 -170 -42 -179 ] [ -54 -171 -53 -169 -58 -157 ] [ -60 -152 -62 -144 -66 -141 ] [ -66 -141 -61 -170 -61 -170 ] [ -61 -170 -72 -169 -72 -169 ] [ -72 -169 -62 -187 -62 -187 ] [ -62 -187 -94 -167 -94 -167 ] [ -94 -167 -84 -191 -84 -191 ] [ -84 -191 -93 -188 -93 -188 ] [ -90 -194 -76 -205 -70 -209 ] [ -70 -209 -16 -255 -16 -255 ] [ -16 -255 -48 -240 -48 -240 ] [ -48 -240 -92 -220 -92 -220 ] [ -101 -215 -106 -214 -116 -211 ] [ -120 -210 -123 -209 -127 -210 ] [ -127 -210 -114 -217 -114 -217 ] ] [ [ 18 -261 ] [ 18 -261 31 -266 31 -266 ] [ 28 -257 26 -260 29 -252 ] [ 33 -254 43 -260 45 -264 ] [ 46 -266 46 -268 46 -270 ] [ 51 -267 54 -261 58 -257 ] [ 58 -257 53 -270 53 -270 ] [ 53 -270 70 -259 70 -259 ] [ 70 -259 93 -242 93 -242 ] [ 93 -242 87 -257 87 -257 ] [ 87 -257 139 -235 139 -235 ] [ 139 -235 103 -269 103 -269 ] [ 103 -269 136 -253 136 -253 ] [ 136 -253 175 -233 175 -233 ] [ 175 -233 201 -206 201 -206 ] [ 201 -206 238 -166 238 -166 ] [ 238 -166 213 -183 213 -183 ] [ 213 -183 190 -200 190 -200 ] [ 190 -200 212 -168 212 -168 ] [ 212 -168 221 -153 221 -153 ] [ 221 -153 179 -173 179 -173 ] [ 179 -173 195 -145 195 -145 ] [ 195 -145 200 -123 200 -123 ] [ 200 -123 181 -135 181 -135 ] [ 181 -135 143 -160 143 -160 ] [ 143 -160 157 -117 157 -117 ] [ 157 -117 142 -129 142 -129 ] [ 142 -129 114 -153 114 -153 ] [ 114 -153 122 -108 122 -108 ] [ 122 -108 130 -67 130 -67 ] [ 130 -67 134 -47 134 -47 ] [ 128 -50 123 -59 120 -64 ] [ 120 -64 92 -101 92 -101 ] [ 92 -101 82 -51 82 -51 ] [ 78 -54 76 -59 74 -64 ] [ 71 -71 62 -89 60 -96 ] [ 60 -96 43 -80 43 -80 ] [ 43 -80 24 -102 24 -102 ] [ 24 -102 17 -68 17 -68 ] [ 17 -68 15 -68 15 -68 ] [ 15 -68 8 -103 8 -103 ] [ 6 -97 -4 -75 -8 -70 ] [ -8 -70 -12 -118 -12 -118 ] [ -12 -118 -23 -92 -23 -92 ] [ -23 -92 -33 -72 -33 -72 ] [ -33 -72 -32 -116 -32 -116 ] [ -32 -116 -33 -136 -33 -136 ] [ -35 -131 -46 -110 -49 -106 ] [ -49 -106 -36 -165 -36 -165 ] [ -36 -165 -27 -208 -27 -208 ] [ -27 -208 -22 -227 -22 -227 ] [ -22 -227 -8 -252 -8 -252 ] [ -8 -252 -38 -249 -38 -249 ] [ -38 -249 -50 -247 -50 -247 ] [ -50 -247 -72 -230 -72 -230 ] [ -72 -230 -124 -188 -124 -188 ] [ -124 -188 -105 -214 -105 -214 ] [ -105 -214 -87 -239 -87 -239 ] [ -87 -239 -62 -253 -62 -253 ] [ -62 -253 -34 -269 -34 -269 ] [ -34 -269 8 -275 8 -275 ] [ 8 -275 4 -265 4 -265 ] [ 4 -265 25 -277 25 -277 ] [ 26 -272 21 -265 18 -261 ] ] ]
TPL firefoxtail
FRAMES 15
TPL firehit
FRAMES 6
TPL flyingDust
FRAMES 30
SKIP flyingDust colour
TPL furaFura
FRAMES 30
TPL groundBounce
FRAMES 8
COLOUR 102 255 56
KEY path [ [ [ 0 0 ] [ -94 0 ] [ -207 -259 ] [ -110 -81 ] [ -120 -116 ] [ -77 -51 ] [ -155 -184 ] [ -95 -109 ] [ -99 -171 ] [ -63 -76 ] [ -72 -128 ] [ -53 -81 ] [ -89 -287 ] [ -41 -108 ] [ -35 -177 ] [ -20 -125 ] [ -22 -419 ] [ -5 -170 ] [ 8 -227 ] [ 10 -130 ] [ 17 -208 ] [ 23 -123 ] [ 58 -303 ] [ 49 -161 ] [ 105 -433 ] [ 64 -144 ] [ 81 -223 ] [ 61 -100 ] [ 74 -123 ] [ 70 -96 ] [ 91 -165 ] [ 83 -117 ] [ 115 -182 ] [ 95 -112 ] [ 157 -185 ] [ 94 -83 ] [ 113 -100 ] [ 104 -52 ] [ 143 -120 ] [ 127 -80 ] [ 187 -183 ] [ 165 -129 ] [ 189 -162 ] [ 96 -1 ] ] [ [ 0 0 ] [ -168 -4 ] [ -326 -135 ] [ -165 -38 ] [ -300 -162 ] [ -176 -92 ] [ -228 -175 ] [ -88 -72 ] [ -140 -200 ] [ -92 -137 ] [ -137 -377 ] [ -59 -129 ] [ -79 -316 ] [ -23 -150 ] [ -8 -211 ] [ 12 -149 ] [ 25 -187 ] [ 23 -88 ] [ 43 -184 ] [ 41 -137 ] [ 61 -253 ] [ 63 -146 ] [ 89 -207 ] [ 86 -118 ] [ 201 -380 ] [ 97 -74 ] [ 146 -97 ] [ 113 -59 ] [ 172 -94 ] [ 167 -79 ] [ 219 -133 ] [ 186 -59 ] [ 198 -59 ] [ 177 -27 ] [ 315 -125 ] [ 169 0 ] ] [ [ 0 0 ] [ -227 -1 ] [ -515 -148 ] [ -220 -23 ] [ -461 -171 ] [ -283 -105 ] [ -367 -167 ] [ -253 -120 ] [ -290 -161 ] [ -140 -86 ] [ -284 -376 ] [ -128 -109 ] [ -144 -201 ] [ -117 -163 ] [ -127 -241 ] [ -107 -179 ] [ -115 -261 ] [ -38 -97 ] [ -32 -185 ] [ -19 -106 ] [ -1 -143 ] [ 6 -104 ] [ 45 -312 ] [ 49 -119 ] [ 100 -202 ] [ 70 -121 ] [ 105 -142 ] [ 98 -110 ] [ 211 -336 ] [ 122 -57 ] [ 154 -84 ] [ 140 -57 ] [ 377 -171 ] [ 175 -34 ] [ 317 -101 ] [ 286 -68 ] [ 538 -189 ] [ 232 0 ] ] [ [ 0 0 ] [ -281 0 ] [ -448 -84 ] [ -253 -45 ] [ -610 -172 ] [ -265 -73 ] [ -382 -146 ] [ -226 -75 ] [ -303 -133 ] [ -181 -81 ] [ -264 -160 ] [ -204 -133 ] [ -352 -362 ] [ -179 -153 ] [ -90 -99 ] [ -92 -208 ] [ -50 -118 ] [ -27 -233 ] [ -5 -140 ] [ 14 -162 ] [ 34 -115 ] [ 119 -292 ] [ 94 -82 ] [ 215 -272 ] [ 151 -96 ] [ 226 -194 ] [ 173 -76 ] [ 439 -182 ] [ 243 -59 ] [ 448 -125 ] [ 210 -14 ] [ 558 -107 ] [ 275 2 ] ] [ [ 0 0 ] [ -327 -2 ] [ -622 -59 ] [ -205 -20 ] [ -540 -139 ] [ -241 -53 ] [ -575 -218 ] [ -193 -75 ] [ -353 -249 ] [ -159 -62 ] [ -196 -161 ] [ -169 -123 ] [ -291 -392 ] [ -73 -63 ] [ -77 -147 ] [ -21 -54 ] [ -34 -204 ] [ 0 -59 ] [ 5 -139 ] [ 17 -84 ] [ 59 -142 ] [ 52 -85 ] [ 135 -223 ] [ 144 -128 ] [ 192 -176 ] [ 197 -111 ] [ 313 -228 ] [ 202 -52 ] [ 396 -111 ] [ 342 -75 ] [ 552 -139 ] [ 315 -36 ] [ 361 -38 ] [ 328 -13 ] [ 616 -62 ] [ 329 0 ] ] [ [ 0 0 ] [ -325 0 ] [ -655 -44 ] [ -315 -10 ] [ -399 -51 ] [ -266 -36 ] [ -618 -137 ] [ -253 -46 ] [ -337 -108 ] [ -196 -59 ] [ -286 -164 ] [ -182 -69 ] [ -305 -257 ] [ -177 -125 ] [ -235 -265 ] [ -82 -75 ] [ -67 -114 ] [ -64 -72 ] [ -34 -360 ] [ 9 -105 ] [ 49 -176 ] [ 53 -69 ] [ 84 -141 ] [ 88 -80 ] [ 204 -161 ] [ 192 -132 ] [ 295 -200 ] [ 200 -47 ] [ 546 -153 ] [ 235 -20 ] [ 435 -46 ] [ 370 -10 ] [ 704 -52 ] [ 359 2 ] ] [ [ 0 0 ] [ -394 1 ] [ -694 -51 ] [ -202 -16 ] [ -625 -132 ] [ -224 -38 ] [ -339 -111 ] [ -194 -51 ] [ -285 -151 ] [ -187 -69 ] [ -323 -263 ] [ -183 -124 ] [ -246 -274 ] [ -70 -55 ] [ -90 -156 ] [ -56 -97 ] [ -34 -264 ] [ 19 -82 ] [ 59 -170 ] [ 51 -81 ] [ 96 -118 ] [ 91 -50 ] [ 213 -164 ] [ 208 -130 ] [ 309 -196 ] [ 185 -47 ] [ 539 -139 ] [ 257 -31 ] [ 355 -38 ] [ 314 -15 ] [ 661 -40 ] [ 378 2 ] ] [ [ 0 0 ] [ -398 3 ] [ -760 -25 ] [ -323 -6 ] [ -333 -15 ] [ -80 -23 ] [ -121 -41 ] [ -16 -24 ] [ -35 -41 ] [ -1 -27 ] [ 25 -45 ] [ 21 -27 ] [ 162 -41 ] [ 148 -24 ] [ 306 -27 ] [ 246 -11 ] [ 546 -41 ] [ 421 -12 ] [ 838 -53 ] [ 403 4 ] ] ]
TPL hitCurve
FRAMES 10
SKIP hitCurve svg
TPL hitFlair
FRAMES 8
TPL hitSparks
FRAMES 3
KEY path1 [ [ -35 -59 ] [ -96 -226 ] [ -69 -200 ] [ -95 -317 ] [ -42 -191 ] [ -82 -426 ] [ -25 -207 ] [ -10 -275 ] [ 11 -164 ] [ 74 -407 ] [ 63 -179 ] [ 96 -246 ] [ 90 -187 ] [ 135 -310 ] [ 68 -89 ] [ 104 -153 ] [ 66 -54 ] [ 144 -120 ] [ 107 -74 ] [ 153 -87 ] [ 78 -9 ] [ 193 -48 ] [ 146 -20 ] [ 191 -13 ] [ 122 8 ] [ 210 31 ] [ 115 45 ] [ 156 55 ] [ 116 62 ] [ 137 86 ] [ 97 84 ] [ 123 129 ] [ 64 87 ] ]
KEY path2 [ [ 212 -99 ] [ 315 -168 ] [ 278 -130 ] [ 343 -150 ] [ 296 -118 ] [ 363 -139 ] [ 302 -93 ] [ 320 -82 ] [ 306 -75 ] [ 390 -77 ] [ 239 -48 ] [ 278 -73 ] [ 251 -75 ] [ 274 -85 ] [ 208 -65 ] [ 259 -95 ] [ 228 -93 ] [ 261 -113 ] [ 212 -99 ] ]
TPL illusion
FRAMES 4
KEY path [ [ -43 -105 ] [ -45 -103 -46 -99 -49 -99 ] [ -51 -99 -53 -101 -53 -103 ] [ -53 -103 -52 -108 -52 -108 ] [ -52 -113 -54 -115 -50 -122 ] [ -47 -128 -39 -134 -33 -135 ] [ -30 -136 -28 -134 -25 -135 ] [ -20 -137 -19 -141 -15 -143 ] [ -5 -145 6 -133 8 -125 ] [ 12 -124 12 -124 13 -121 ] [ 19 -125 26 -130 33 -132 ] [ 40 -133 46 -131 51 -131 ] [ 51 -131 59 -132 59 -132 ] [ 59 -132 71 -132 71 -132 ] [ 71 -132 68 -118 68 -118 ] [ 68 -114 71 -112 70 -109 ] [ 70 -107 68 -105 67 -102 ] [ 66 -99 66 -96 66 -93 ] [ 66 -93 64 -85 64 -85 ] [ 63 -81 66 -75 67 -71 ] [ 68 -69 70 -66 69 -63 ] [ 67 -60 62 -61 59 -62 ] [ 46 -64 45 -68 37 -71 ] [ 35 -72 31 -73 29 -70 ] [ 27 -68 28 -65 29 -63 ] [ 30 -57 30 -57 29 -51 ] [ 34 -49 35 -43 34 -38 ] [ 34 -38 44 -32 44 -32 ] [ 45 -39 49 -43 56 -46 ] [ 56 -46 55 -39 55 -39 ] [ 58 -41 69 -49 71 -49 ] [ 74 -49 74 -45 74 -43 ] [ 74 -41 72 -38 71 -36 ] [ 69 -31 69 -26 66 -22 ] [ 62 -19 48 -13 43 -13 ] [ 40 -14 38 -16 36 -16 ] [ 33 -16 31 -13 27 -14 ] [ 24 -15 17 -20 15 -23 ] [ 15 -23 8 -41 8 -41 ] [ 7 -43 7 -43 7 -45 ] [ -1 -44 -2 -39 -5 -32 ] [ -6 -30 -9 -26 -9 -24 ] [ -9 -19 -3 -17 0 -15 ] [ 6 -11 17 -1 14 7 ] [ 12 12 8 11 4 9 ] [ -4 6 -13 -2 -20 -5 ] [ -23 -6 -32 -8 -33 -12 ] [ -34 -18 -27 -23 -25 -27 ] [ -22 -31 -23 -37 -24 -41 ] [ -30 -35 -42 -22 -51 -21 ] [ -55 -21 -59 -23 -62 -25 ] [ -69 -22 -83 -32 -91 -32 ] [ -101 -32 -102 -19 -108 -12 ] [ -110 -10 -113 -6 -117 -7 ] [ -123 -8 -122 -16 -121 -20 ] [ -119 -27 -115 -33 -112 -40 ] [ -110 -45 -106 -53 -102 -57 ] [ -99 -59 -96 -58 -93 -55 ] [ -90 -52 -89 -49 -86 -48 ] [ -82 -46 -75 -49 -71 -50 ] [ -66 -51 -64 -50 -60 -48 ] [ -60 -48 -59 -54 -59 -54 ] [ -59 -54 -54 -53 -54 -53 ] [ -54 -53 -54 -60 -54 -60 ] [ -54 -60 -45 -70 -45 -70 ] [ -53 -67 -62 -68 -70 -68 ] [ -92 -68 -118 -68 -132 -88 ] [ -132 -88 -112 -97 -112 -97 ] [ -112 -97 -105 -99 -105 -99 ] [ -77 -104 -62 -100 -38 -85 ] [ -38 -90 -33 -97 -28 -97 ] [ -26 -98 -25 -97 -23 -96 ] [ -23 -108 -19 -105 -9 -108 ] [ -9 -108 -9 -110 -9 -110 ] [ -13 -112 -19 -121 -23 -120 ] [ -30 -120 -26 -109 -26 -107 ] [ -27 -104 -30 -104 -33 -109 ] [ -33 -109 -35 -113 -35 -113 ] [ -38 -111 -41 -108 -43 -105 ] ]
TPL impactLand
FRAMES 8
COLOUR 255 255 255
KEY path [ [ [ -157 -29 ] [ -94 -5 ] [ -154 -52 ] [ -90 -9 ] [ -145 -51 ] [ -161 -85 ] [ -99 -43 ] [ -137 -78 ] [ -115 -73 ] [ -91 -59 ] [ -155 -110 ] [ -108 -84 ] [ -150 -134 ] [ -109 -108 ] [ -136 -136 ] [ -70 -89 ] [ -94 -125 ] [ -68 -95 ] [ -91 -144 ] [ -59 -109 ] [ -83 -146 ] [ -36 -92 ] [ -38 -126 ] [ -20 -105 ] [ -2 -115 ] [ 10 -108 ] [ 18 -131 ] [ 29 -90 ] [ 96 -146 ] [ 64 -104 ] [ 100 -134 ] [ 77 -90 ] [ 105 -108 ] [ 59 -62 ] [ 95 -89 ] [ 90 -72 ] [ 66 -45 ] [ 106 -78 ] [ 90 -47 ] [ 128 -70 ] [ 92 -39 ] [ 163 -81 ] [ 143 -47 ] [ 102 -18 ] [ 161 -51 ] [ 113 -12 ] [ 164 -28 ] [ 113 4 ] [ 67 49 ] [ 15 70 ] [ -13 69 ] [ -57 54 ] [ -111 10 ] [ 0 0 ] [ -111 10 ] [ -139 -8 ] ] [ [ -213 -28 ] [ -145 1 ] [ -205 -46 ] [ -145 -12 ] [ -198 -50 ] [ -214 -84 ] [ -151 -41 ] [ -190 -74 ] [ -169 -72 ] [ -139 -59 ] [ -211 -109 ] [ -159 -81 ] [ -196 -109 ] [ -207 -137 ] [ -152 -103 ] [ -189 -135 ] [ -94 -74 ] [ -129 -123 ] [ -100 -93 ] [ -115 -118 ] [ -123 -145 ] [ -95 -113 ] [ -115 -148 ] [ -65 -89 ] [ -65 -119 ] [ -31 -95 ] [ -1 -114 ] [ 25 -100 ] [ 51 -119 ] [ 58 -86 ] [ 132 -143 ] [ 103 -107 ] [ 145 -140 ] [ 130 -110 ] [ 110 -89 ] [ 141 -112 ] [ 127 -92 ] [ 191 -135 ] [ 159 -106 ] [ 199 -125 ] [ 188 -103 ] [ 172 -90 ] [ 209 -110 ] [ 151 -65 ] [ 182 -78 ] [ 183 -69 ] [ 157 -48 ] [ 213 -85 ] [ 197 -49 ] [ 168 -29 ] [ 214 -54 ] [ 159 -9 ] [ 215 -27 ] [ 177 2 ] [ 115 15 ] [ 65 51 ] [ 17 65 ] [ -15 65 ] [ -65 52 ] [ -119 16 ] [ 0 0 ] [ -119 16 ] [ -188 1 ] ] [ [ -264 -30 ] [ -199 -2 ] [ -260 -51 ] [ -192 -11 ] [ -246 -49 ] [ -261 -81 ] [ -203 -44 ] [ -243 -75 ] [ -220 -72 ] [ -182 -55 ] [ -257 -107 ] [ -216 -85 ] [ -243 -105 ] [ -254 -135 ] [ -209 -105 ] [ -241 -139 ] [ -159 -80 ] [ -167 -95 ] [ -139 -63 ] [ -153 -93 ] [ -130 -79 ] [ -159 -121 ] [ -134 -95 ] [ -149 -122 ] [ -160 -152 ] [ -124 -112 ] [ -155 -157 ] [ -102 -101 ] [ -81 -88 ] [ -87 -105 ] [ -82 -103 ] [ -84 -128 ] [ -79 -115 ] [ -76 -125 ] [ -66 -106 ] [ -50 -116 ] [ -20 -97 ] [ 3 -113 ] [ 18 -101 ] [ 51 -120 ] [ 54 -98 ] [ 76 -121 ] [ 76 -111 ] [ 96 -126 ] [ 91 -116 ] [ 102 -117 ] [ 97 -102 ] [ 171 -150 ] [ 140 -108 ] [ 186 -148 ] [ 173 -117 ] [ 150 -91 ] [ 187 -124 ] [ 141 -69 ] [ 241 -139 ] [ 208 -108 ] [ 257 -132 ] [ 240 -106 ] [ 222 -91 ] [ 260 -112 ] [ 199 -66 ] [ 239 -82 ] [ 239 -73 ] [ 204 -43 ] [ 266 -87 ] [ 247 -52 ] [ 198 -17 ] [ 259 -52 ] [ 206 -12 ] [ 266 -29 ] [ 240 -5 ] [ 139 4 ] [ 66 47 ] [ 1 54 ] [ -71 48 ] [ -141 10 ] [ 0 0 ] [ -141 10 ] [ -241 -3 ] ] [ [ -311 -30 ] [ -245 -2 ] [ -302 -50 ] [ -243 -15 ] [ -290 -47 ] [ -310 -85 ] [ -251 -46 ] [ -290 -80 ] [ -266 -72 ] [ -225 -53 ] [ -304 -110 ] [ -267 -89 ] [ -288 -105 ] [ -298 -130 ] [ -250 -103 ] [ -288 -137 ] [ -189 -71 ] [ -199 -98 ] [ -171 -67 ] [ -185 -96 ] [ -162 -80 ] [ -201 -133 ] [ -169 -99 ] [ -181 -121 ] [ -192 -152 ] [ -159 -118 ] [ -181 -158 ] [ -121 -87 ] [ -101 -98 ] [ -98 -116 ] [ -86 -103 ] [ -93 -129 ] [ -77 -104 ] [ -26 -116 ] [ 38 -115 ] [ 77 -97 ] [ 101 -119 ] [ 94 -101 ] [ 113 -106 ] [ 114 -95 ] [ 104 -71 ] [ 205 -152 ] [ 181 -116 ] [ 224 -148 ] [ 208 -119 ] [ 188 -95 ] [ 226 -127 ] [ 180 -75 ] [ 204 -91 ] [ 202 -81 ] [ 290 -139 ] [ 250 -106 ] [ 301 -134 ] [ 284 -106 ] [ 261 -89 ] [ 309 -114 ] [ 247 -66 ] [ 280 -81 ] [ 254 -49 ] [ 313 -84 ] [ 296 -51 ] [ 256 -26 ] [ 310 -56 ] [ 272 -27 ] [ 311 -31 ] [ 282 -2 ] [ 156 -3 ] [ 63 33 ] [ -50 35 ] [ -156 4 ] [ 1 -1 ] [ -156 4 ] [ -281 -1 ] ] [ [ -359 -35 ] [ -294 -4 ] [ -348 -50 ] [ -287 -14 ] [ -330 -45 ] [ -351 -85 ] [ -296 -45 ] [ -330 -80 ] [ -280 -61 ] [ -351 -112 ] [ -302 -86 ] [ -333 -108 ] [ -342 -131 ] [ -302 -110 ] [ -331 -138 ] [ -216 -61 ] [ -233 -102 ] [ -199 -62 ] [ -217 -95 ] [ -187 -78 ] [ -234 -137 ] [ -199 -103 ] [ -219 -133 ] [ -226 -159 ] [ -195 -126 ] [ -217 -164 ] [ -151 -88 ] [ -123 -105 ] [ -105 -104 ] [ -108 -127 ] [ -95 -106 ] [ -37 -121 ] [ 30 -122 ] [ 84 -104 ] [ 113 -120 ] [ 99 -102 ] [ 121 -104 ] [ 162 -88 ] [ 248 -159 ] [ 215 -118 ] [ 261 -154 ] [ 245 -125 ] [ 228 -101 ] [ 268 -136 ] [ 218 -78 ] [ 242 -97 ] [ 237 -79 ] [ 329 -141 ] [ 294 -107 ] [ 346 -133 ] [ 327 -105 ] [ 305 -91 ] [ 351 -116 ] [ 293 -69 ] [ 329 -80 ] [ 304 -58 ] [ 353 -84 ] [ 339 -54 ] [ 304 -27 ] [ 350 -55 ] [ 306 -21 ] [ 353 -32 ] [ 327 0 ] [ 166 -1 ] [ 67 22 ] [ -55 21 ] [ -159 5 ] [ 0 0 ] [ -159 5 ] [ -326 -1 ] ] [ [ -392 -38 ] [ -327 -5 ] [ -382 -50 ] [ -321 -13 ] [ -369 -54 ] [ -387 -90 ] [ -322 -42 ] [ -362 -79 ] [ -321 -59 ] [ -383 -109 ] [ -334 -86 ] [ -367 -109 ] [ -380 -136 ] [ -328 -105 ] [ -365 -141 ] [ -242 -53 ] [ -263 -99 ] [ -219 -58 ] [ -241 -88 ] [ -217 -81 ] [ -201 -64 ] [ -261 -139 ] [ -227 -106 ] [ -249 -141 ] [ -258 -173 ] [ -222 -129 ] [ -244 -168 ] [ -186 -103 ] [ -131 -118 ] [ -120 -126 ] [ -108 -119 ] [ -43 -128 ] [ 51 -126 ] [ 130 -106 ] [ 167 -110 ] [ 163 -101 ] [ 194 -94 ] [ 281 -164 ] [ 249 -125 ] [ 295 -162 ] [ 282 -131 ] [ 260 -107 ] [ 302 -139 ] [ 255 -87 ] [ 282 -98 ] [ 258 -67 ] [ 362 -139 ] [ 326 -106 ] [ 377 -133 ] [ 343 -89 ] [ 387 -115 ] [ 308 -57 ] [ 364 -83 ] [ 325 -45 ] [ 389 -86 ] [ 368 -52 ] [ 316 -14 ] [ 387 -58 ] [ 320 -6 ] [ 388 -33 ] [ 354 2 ] [ 164 2 ] [ 86 9 ] [ -1 9 ] [ -109 10 ] [ -180 3 ] [ 0 0 ] [ -180 3 ] [ -365 -2 ] ] [ [ -417 -29 ] [ -349 1 ] [ -419 -56 ] [ -350 -10 ] [ -398 -48 ] [ -416 -82 ] [ -353 -38 ] [ -397 -78 ] [ -338 -51 ] [ -416 -111 ] [ -366 -83 ] [ -399 -109 ] [ -412 -135 ] [ -356 -102 ] [ -404 -142 ] [ -257 -40 ] [ -279 -62 ] [ -290 -103 ] [ -240 -52 ] [ -275 -99 ] [ -253 -88 ] [ -225 -62 ] [ -289 -138 ] [ -245 -94 ] [ -273 -136 ] [ -281 -169 ] [ -247 -129 ] [ -271 -167 ] [ -204 -91 ] [ -153 -114 ] [ -135 -128 ] [ -121 -118 ] [ -51 -140 ] [ 38 -141 ] [ 113 -115 ] [ 155 -119 ] [ 159 -105 ] [ 203 -88 ] [ 298 -164 ] [ 264 -117 ] [ 312 -158 ] [ 301 -129 ] [ 276 -102 ] [ 318 -141 ] [ 268 -81 ] [ 299 -99 ] [ 284 -73 ] [ 318 -101 ] [ 313 -89 ] [ 393 -141 ] [ 346 -103 ] [ 402 -135 ] [ 391 -114 ] [ 357 -86 ] [ 407 -118 ] [ 342 -66 ] [ 388 -84 ] [ 345 -42 ] [ 413 -89 ] [ 394 -56 ] [ 344 -18 ] [ 407 -56 ] [ 351 -11 ] [ 411 -34 ] [ 388 -2 ] [ 147 -1 ] [ 26 9 ] [ -41 9 ] [ -177 0 ] [ 0 10 ] [ -177 0 ] [ -396 2 ] ] [ [ -429 -32 ] [ -372 -2 ] [ -426 -48 ] [ -364 -13 ] [ -411 -50 ] [ -429 -87 ] [ -366 -39 ] [ -405 -79 ] [ -348 -52 ] [ -429 -115 ] [ -383 -88 ] [ -408 -107 ] [ -421 -131 ] [ -380 -108 ] [ -411 -140 ] [ -288 -53 ] [ -297 -70 ] [ -282 -55 ] [ -302 -109 ] [ -264 -71 ] [ -283 -100 ] [ -256 -87 ] [ -295 -141 ] [ -265 -115 ] [ -289 -146 ] [ -297 -167 ] [ -255 -130 ] [ -281 -172 ] [ -216 -97 ] [ -132 -127 ] [ -131 -136 ] [ -110 -124 ] [ -47 -147 ] [ 49 -147 ] [ 121 -124 ] [ 167 -133 ] [ 166 -116 ] [ 219 -97 ] [ 320 -171 ] [ 283 -122 ] [ 334 -164 ] [ 320 -134 ] [ 286 -96 ] [ 338 -143 ] [ 268 -67 ] [ 322 -105 ] [ 288 -57 ] [ 344 -112 ] [ 330 -86 ] [ 409 -143 ] [ 377 -109 ] [ 424 -138 ] [ 413 -114 ] [ 385 -86 ] [ 431 -117 ] [ 349 -55 ] [ 414 -88 ] [ 373 -48 ] [ 433 -92 ] [ 416 -58 ] [ 369 -23 ] [ 434 -62 ] [ 369 -6 ] [ 435 -36 ] [ 407 -3 ] [ -1 -1 ] [ -405 -1 ] ] ]
TPL laser
FRAMES 8
TPL laserSpark
FRAMES 8
TPL normalhit
FRAMES 6
KEY path1 [ [ 6 -112 ] [ 13 -69 ] [ 34 -83 ] [ 34 -51 ] [ 80 -81 ] [ 55 -27 ] [ 94 -39 ] [ 65 -11 ] [ 95 -2 ] [ 65 19 ] [ 112 46 ] [ 45 45 ] [ 68 95 ] [ 31 71 ] [ 38 112 ] [ 19 77 ] [ 10 92 ] [ 7 71 ] [ -15 102 ] [ -29 59 ] [ -78 88 ] [ -58 40 ] [ -91 55 ] [ -71 28 ] [ -90 21 ] [ -80 9 ] [ -111 -1 ] [ -68 -8 ] [ -108 -45 ] [ -61 -29 ] [ -86 -81 ] [ -25 -46 ] [ -18 -89 ] [ -4 -65 ] ]
KEY path2 [ [ 124 -136 ] [ 56 -53 ] [ 131 -108 ] [ 39 -29 ] [ 112 -48 ] [ 44 -15 ] [ 159 -6 ] [ 46 7 ] [ 82 26 ] [ 48 18 ] [ 130 74 ] [ 42 27 ] [ 129 128 ] [ 24 32 ] [ 38 93 ] [ 13 41 ] [ 0 149 ] [ -3 44 ] [ -42 89 ] [ -35 52 ] [ -80 126 ] [ -49 50 ] [ -127 126 ] [ -51 28 ] [ -115 53 ] [ -51 9 ] [ -158 1 ] [ -44 -10 ] [ -131 -19 ] [ -89 -32 ] [ -133 -72 ] [ -32 -29 ] [ -127 -138 ] [ -31 -53 ] [ -61 -108 ] [ -16 -41 ] [ -20 -99 ] [ -7 -37 ] [ 0 -149 ] [ 8 -57 ] [ 44 -99 ] [ 23 -43 ] ]
KEY path3 [ [ [ 72 -283 ] [ 84 -215 ] [ 152 -308 ] [ 18 -51 ] ] [ [ 230 -244 ] [ 179 -172 ] [ 109 -118 ] ] [ [ 285 -85 ] [ 172 -1 ] [ 206 23 ] [ 162 22 ] [ 299 143 ] [ 46 11 ] [ 94 -11 ] [ 65 -34 ] ] [ [ 249 227 ] [ 209 175 ] [ 163 146 ] ] [ [ 165 197 ] [ 78 111 ] [ 42 36 ] ] [ [ 42 333 ] [ 2 269 ] [ -45 342 ] [ 2 47 ] ] [ [ -48 132 ] [ -70 151 ] [ -26 65 ] ] [ [ -170 148 ] [ -212 242 ] [ -37 40 ] ] [ [ -216 79 ] [ -168 77 ] [ -133 45 ] ] [ [ -326 58 ] [ -216 19 ] [ -339 -44 ] [ -87 -23 ] [ -43 -5 ] ] [ [ -169 -140 ] [ -225 -233 ] [ -132 -149 ] [ -41 -40 ] ] [ [ -260 -107 ] [ -289 -132 ] [ -174 -76 ] ] [ [ -115 -262 ] [ -69 -226 ] [ -24 -76 ] ] [ [ -56 -295 ] [ -44 -341 ] [ -37 -233 ] ] [ [ -7 -85 ] [ 2 -112 ] [ 1 -38 ] ] ]
TPL phantasm
FRAMES 4
KEY path [ [ 49 -104 49 -104 54 -107 54 -107 54 -93 63 -84 51 -73 60 -65 54 -53 45 -49 45 -49 43 -57 43 -57 38 -56 37 -57 33 -60 33 -56 33 -52 30 -50 27 -48 22 -50 21 -46 19 -43 24 -36 23 -29 23 -29 33 -34 33 -34 33 -34 40 -39 40 -39 40 -39 49 -40 49 -40 49 -40 59 -44 59 -44 59 -39 53 -22 51 -18 50 -16 49 -15 47 -13 46 -11 43 -7 41 -6 37 -5 29 -9 26 -11 23 -13 19 -15 16 -17 9 -23 6 -33 6 -42 6 -42 -1 -43 -1 -43 -2 -37 -5 -33 -7 -28 -8 -26 -10 -23 -10 -21 -9 -17 -5 -15 -2 -13 2 -11 6 -8 7 -3 7 -1 7 2 6 3 4 5 1 5 -1 4 -1 4 -13 -3 -13 -3 -13 -3 -21 -6 -21 -6 -23 -7 -27 -8 -27 -10 -29 -15 -22 -22 -20 -26 -17 -32 -20 -36 -16 -44 -19 -42 -19 -41 -21 -38 -25 -33 -36 -24 -42 -22 -47 -21 -59 -25 -65 -26 -68 -27 -73 -29 -76 -28 -85 -26 -84 -12 -93 -11 -97 -10 -99 -13 -99 -17 -98 -25 -94 -29 -90 -36 -90 -36 -83 -49 -83 -49 -73 -44 -74 -41 -69 -39 -62 -38 -60 -42 -51 -38 -49 -45 -46 -45 -41 -50 -41 -50 -61 -45 -61 -45 -63 -44 -67 -43 -69 -43 -76 -45 -69 -52 -68 -54 -67 -58 -69 -58 -64 -61 -65 -65 -65 -66 -62 -69 -62 -69 -72 -81 -72 -81 -65 -82 -48 -77 -40 -75 -37 -74 -32 -73 -29 -73 -24 -74 -22 -76 -18 -78 -14 -81 -7 -81 -6 -86 -6 -89 -10 -92 -12 -99 -12 -99 -22 -92 -22 -92 -22 -92 -21 -89 -21 -89 -17 -80 -29 -88 -32 -88 -35 -87 -38 -84 -45 -82 -45 -90 -47 -98 -39 -103 -39 -105 -40 -106 -40 -108 -40 -121 -25 -115 -17 -113 -14 -113 -12 -113 -9 -111 1 -106 12 -95 12 -83 22 -89 13 -97 23 -106 23 -106 26 -103 26 -103 27 -110 30 -115 35 -119 35 -119 37 -108 37 -108 40 -115 42 -117 47 -122 47 -122 49 -104 49 -104 ] ]
TPL powershield
FRAMES 8
TPL powershieldreflect
FRAMES 5
TPL shieldup
FRAMES 6
TPL shine
FRAMES 3
TPL shineloop
FRAMES 1
TPL shocked
FRAMES 1
TPL sing
FRAMES 31
KEY path [ [ 26 4.64 ] [ 26 4.64 31.91 6 34.91 8.36 ] [ 37.91 10.73 41.55 14.82 45.09 14.18 ] [ 45.18 15.36 32.64 16.18 27.18 10.55 ] [ 27.09 10.64 27.18 28.27 27.18 28.27 ] [ 27.18 28.27 34.18 38.64 19.64 43.36 ] [ 5.09 48.09 3.91 27.55 25.91 27.82 ] [ 25.91 27.82 26 4.64 26 4.64 ] ]
TPL sing2
FRAMES 31
TPL sing3
FRAMES 31
TPL star
FRAMES 15
TPL start
FRAMES 120
TPL swing
FRAMES 5
SKIP swing colour
TPL targetDestroy
FRAMES 8
TPL tech
FRAMES 9
TPL wallBounce
FRAMES 8
COLOUR 102 255 56
KEY path [ [ [ 0 0 ] [ -94 0 ] [ -207 -259 ] [ -110 -81 ] [ -120 -116 ] [ -77 -51 ] [ -155 -184 ] [ -95 -109 ] [ -99 -171 ] [ -63 -76 ] [ -72 -128 ] [ -53 -81 ] [ -89 -287 ] [ -41 -108 ] [ -35 -177 ] [ -20 -125 ] [ -22 -419 ] [ -5 -170 ] [ 8 -227 ] [ 10 -130 ] [ 17 -208 ] [ 23 -123 ] [ 58 -303 ] [ 49 -161 ] [ 105 -433 ] [ 64 -144 ] [ 81 -223 ] [ 61 -100 ] [ 74 -123 ] [ 70 -96 ] [ 91 -165 ] [ 83 -117 ] [ 115 -182 ] [ 95 -112 ] [ 157 -185 ] [ 94 -83 ] [ 113 -100 ] [ 104 -52 ] [ 143 -120 ] [ 127 -80 ] [ 187 -183 ] [ 165 -129 ] [ 189 -162 ] [ 96 -1 ] ] [ [ 0 0 ] [ -168 -4 ] [ -326 -135 ] [ -165 -38 ] [ -300 -162 ] [ -176 -92 ] [ -228 -175 ] [ -88 -72 ] [ -140 -200 ] [ -92 -137 ] [ -137 -377 ] [ -59 -129 ] [ -79 -316 ] [ -23 -150 ] [ -8 -211 ] [ 12 -149 ] [ 25 -187 ] [ 23 -88 ] [ 43 -184 ] [ 41 -137 ] [ 61 -253 ] [ 63 -146 ] [ 89 -207 ] [ 86 -118 ] [ 201 -380 ] [ 97 -74 ] [ 146 -97 ] [ 113 -59 ] [ 172 -94 ] [ 167 -79 ] [ 219 -133 ] [ 186 -59 ] [ 198 -59 ] [ 177 -27 ] [ 315 -125 ] [ 169 0 ] ] [ [ 0 0 ] [ -227 -1 ] [ -515 -148 ] [ -220 -23 ] [ -461 -171 ] [ -283 -105 ] [ -367 -167 ] [ -253 -120 ] [ -290 -161 ] [ -140 -86 ] [ -284 -376 ] [ -128 -109 ] [ -144 -201 ] [ -117 -163 ] [ -127 -241 ] [ -107 -179 ] [ -115 -261 ] [ -38 -97 ] [ -32 -185 ] [ -19 -106 ] [ -1 -143 ] [ 6 -104 ] [ 45 -312 ] [ 49 -119 ] [ 100 -202 ] [ 70 -121 ] [ 105 -142 ] [ 98 -110 ] [ 211 -336 ] [ 122 -57 ] [ 154 -84 ] [ 140 -57 ] [ 377 -171 ] [ 175 -34 ] [ 317 -101 ] [ 286 -68 ] [ 538 -189 ] [ 232 0 ] ] [ [ 0 0 ] [ -281 0 ] [ -448 -84 ] [ -253 -45 ] [ -610 -172 ] [ -265 -73 ] [ -382 -146 ] [ -226 -75 ] [ -303 -133 ] [ -181 -81 ] [ -264 -160 ] [ -204 -133 ] [ -352 -362 ] [ -179 -153 ] [ -90 -99 ] [ -92 -208 ] [ -50 -118 ] [ -27 -233 ] [ -5 -140 ] [ 14 -162 ] [ 34 -115 ] [ 119 -292 ] [ 94 -82 ] [ 215 -272 ] [ 151 -96 ] [ 226 -194 ] [ 173 -76 ] [ 439 -182 ] [ 243 -59 ] [ 448 -125 ] [ 210 -14 ] [ 558 -107 ] [ 275 2 ] ] [ [ 0 0 ] [ -327 -2 ] [ -622 -59 ] [ -205 -20 ] [ -540 -139 ] [ -241 -53 ] [ -575 -218 ] [ -193 -75 ] [ -353 -249 ] [ -159 -62 ] [ -196 -161 ] [ -169 -123 ] [ -291 -392 ] [ -73 -63 ] [ -77 -147 ] [ -21 -54 ] [ -34 -204 ] [ 0 -59 ] [ 5 -139 ] [ 17 -84 ] [ 59 -142 ] [ 52 -85 ] [ 135 -223 ] [ 144 -128 ] [ 192 -176 ] [ 197 -111 ] [ 313 -228 ] [ 202 -52 ] [ 396 -111 ] [ 342 -75 ] [ 552 -139 ] [ 315 -36 ] [ 361 -38 ] [ 328 -13 ] [ 616 -62 ] [ 329 0 ] ] [ [ 0 0 ] [ -325 0 ] [ -655 -44 ] [ -315 -10 ] [ -399 -51 ] [ -266 -36 ] [ -618 -137 ] [ -253 -46 ] [ -337 -108 ] [ -196 -59 ] [ -286 -164 ] [ -182 -69 ] [ -305 -257 ] [ -177 -125 ] [ -235 -265 ] [ -82 -75 ] [ -67 -114 ] [ -64 -72 ] [ -34 -360 ] [ 9 -105 ] [ 49 -176 ] [ 53 -69 ] [ 84 -141 ] [ 88 -80 ] [ 204 -161 ] [ 192 -132 ] [ 295 -200 ] [ 200 -47 ] [ 546 -153 ] [ 235 -20 ] [ 435 -46 ] [ 370 -10 ] [ 704 -52 ] [ 359 2 ] ] [ [ 0 0 ] [ -394 1 ] [ -694 -51 ] [ -202 -16 ] [ -625 -132 ] [ -224 -38 ] [ -339 -111 ] [ -194 -51 ] [ -285 -151 ] [ -187 -69 ] [ -323 -263 ] [ -183 -124 ] [ -246 -274 ] [ -70 -55 ] [ -90 -156 ] [ -56 -97 ] [ -34 -264 ] [ 19 -82 ] [ 59 -170 ] [ 51 -81 ] [ 96 -118 ] [ 91 -50 ] [ 213 -164 ] [ 208 -130 ] [ 309 -196 ] [ 185 -47 ] [ 539 -139 ] [ 257 -31 ] [ 355 -38 ] [ 314 -15 ] [ 661 -40 ] [ 378 2 ] ] [ [ 0 0 ] [ -398 3 ] [ -760 -25 ] [ -323 -6 ] [ -333 -15 ] [ -80 -23 ] [ -121 -41 ] [ -16 -24 ] [ -35 -41 ] [ -1 -27 ] [ 25 -45 ] [ 21 -27 ] [ 162 -41 ] [ 148 -24 ] [ 306 -27 ] [ 246 -11 ] [ 546 -41 ] [ 421 -12 ] [ 838 -53 ] [ 403 4 ] ] ]
SWORD BAIR [ [ [ 14 -133 ] [ -26 -199 ] ] [ [ 57 -81 ] [ 20 -108 ] ] [ [ 61 -68 ] [ 85 -46 ] ] [ [ 16 -59 ] [ 69 -7 ] ] [ [ -37 -51 ] [ 0 -5 ] ] [ [ -106 -55 ] [ -136 10 ] ] [ [ -115 -120 ] [ -196 -121 ] ] [ [ -82 -153 ] [ -121 -228 ] ] [ [ -34 -159 ] [ -11 -231 ] ] [ [ -27 -157 ] [ -4 -229 ] ] ]
SWORD DAIR [ [ [ 26 -123 ] [ -42 -96 ] ] [ [ 81 -76 ] [ 106 -142 ] ] [ [ 58 -5 ] [ 129 25 ] ] [ [ -15 6 ] [ -19 84 ] ] [ [ -60 -29 ] [ -107 30 ] ] [ [ -80 -80 ] [ -159 -66 ] ] [ [ -85 -101 ] [ -164 -92 ] ] [ [ -84 -126 ] [ -162 -116 ] ] ]
SWORD DASHATTACK [ [ [ 8 -53 ] [ 3 -89 ] ] [ [ 8 -27 ] [ -52 -45 ] ] [ [ 54 -13 ] [ -29 -2 ] ] [ [ 83 -27 ] [ 25 -1 ] ] [ [ 134 -51 ] [ 179 -11 ] ] [ [ 142 -70 ] [ 218 -58 ] ] [ [ 135 -111 ] [ 213 -126 ] ] [ [ 98 -137 ] [ 162 -182 ] ] [ [ 61 -130 ] [ 105 -175 ] ] [ [ 41 -118 ] [ 72 -145 ] ] [ [ 27 -107 ] [ 49 -122 ] ] [ [ 11 -98 ] [ 17 -102 ] ] ]
SWORD DOWNSMASH1 [ [ [ 23 -102 ] [ 64 -159 ] ] [ [ 26 -82 ] [ -23 -123 ] ] [ [ 107 -35 ] [ 68 -17 ] ] [ [ 173 -49 ] [ 232 -18 ] ] [ [ 148 -57 ] [ 209 -24 ] ] [ [ 99 -58 ] [ 132 -24 ] ] [ [ 98 -60 ] [ 132 -29 ] ] [ [ 97 -61 ] [ 128 -29 ] ] ]
SWORD DOWNSMASH2 [ [ [ 120 -43 ] [ 181 -16 ] ] [ [ 109 -47 ] [ 175 -46 ] ] [ [ 80 -54 ] [ 147 -51 ] ] [ [ 30 -44 ] [ 99 -56 ] ] [ [ -94 -27 ] [ -105 -13 ] ] [ [ -112 -25 ] [ -185 -12 ] ] [ [ -90 -31 ] [ -150 -17 ] ] [ [ -59 -39 ] [ -73 -47 ] ] [ [ -10 -55 ] [ 62 -91 ] ] [ [ 6 -62 ] [ 71 -96 ] ] ]
SWORD DOWNTILT [ [ [ 8 -44 ] [ 82 -29 ] ] [ [ 80 -36 ] [ 150 -19 ] ] [ [ 163 -22 ] [ 232 1 ] ] [ [ 163 -26 ] [ 235 -6 ] ] [ [ 162 -27 ] [ 234 -6 ] ] [ [ 140 -29 ] [ 211 -10 ] ] ]
SWORD FAIR [ [ [ -37 -132 ] [ -29 -101 ] ] [ [ -9 -171 ] [ -85 -192 ] ] [ [ 83 -147 ] [ 108 -219 ] ] [ [ 100 -89 ] [ 174 -84 ] ] [ [ 80 -46 ] [ 132 5 ] ] [ [ 31 -19 ] [ 45 41 ] ] [ [ -10 -29 ] [ -55 21 ] ] [ [ -27 -43 ] [ -79 -15 ] ] [ [ -35 -59 ] [ -110 -69 ] ] ]
SWORD FORWARDSMASH [ [ [ -15 -91 ] [ 28 -39 ] ] [ [ -30 -110 ] [ 2 -54 ] ] [ [ -31 -130 ] [ -50 -70 ] ] [ [ 1 -160 ] [ -52 -108 ] ] [ [ 48 -184 ] [ -25 -154 ] ] [ [ 132 -182 ] [ 81 -243 ] ] [ [ 203 -110 ] [ 265 -153 ] ] [ [ 159 -5 ] [ 233 -8 ] ] [ [ 161 -2 ] [ 237 -3 ] ] ]
SWORD FORWARDTILT [ [ [ -38 -92 ] [ 30 -122 ] ] [ [ -23 -64 ] [ -66 -117 ] ] [ [ 70 -36 ] [ 4 1 ] ] [ [ 142 -80 ] [ 170 -14 ] ] [ [ 162 -120 ] [ 237 -123 ] ] [ [ 134 -164 ] [ 187 -219 ] ] [ [ 101 -179 ] [ 127 -254 ] ] [ [ 63 -173 ] [ 48 -253 ] ] [ [ 60 -173 ] [ 41 -252 ] ] ]
SWORD JAB1 [ [ [ 8 -65 ] [ -67 -75 ] ] [ [ 117 -57 ] [ 148 8 ] ] [ [ 152 -94 ] [ 218 -70 ] ] [ [ 151 -137 ] [ 227 -152 ] ] [ [ 128 -172 ] [ 204 -194 ] ] [ [ 70 -177 ] [ 129 -232 ] ] [ [ 24 -155 ] [ 52 -222 ] ] [ [ 5 -135 ] [ 19 -193 ] ] [ [ 1 -120 ] [ -10 -168 ] ] [ [ 1 -106 ] [ -34 -138 ] ] [ [ 4 -93 ] [ -42 -107 ] ] [ [ 4 -86 ] [ -61 -86 ] ] ]
SWORD JAB2 [ [ [ 130 -52 ] [ 90 7 ] ] [ [ 154 -65 ] [ 195 -8 ] ] [ [ 150 -117 ] [ 213 -104 ] ] [ [ 114 -157 ] [ 148 -172 ] ] [ [ 64 -165 ] [ 75 -187 ] ] [ [ 23 -148 ] [ 27 -160 ] ] [ [ 0 -128 ] [ -12 -134 ] ] [ [ -6 -106 ] [ -33 -107 ] ] [ [ -9 -92 ] [ -49 -91 ] ] [ [ -9 -77 ] [ -56 -72 ] ] [ [ -6 -63 ] [ -56 -54 ] ] ]
SWORD NAIR1 [ [ [ -89 -95 ] [ -138 -53 ] ] [ [ 1 -98 ] [ 5 -92 ] ] [ [ 95 -83 ] [ 173 -71 ] ] [ [ 52 -95 ] [ 33 -117 ] ] [ [ -7 -111 ] [ -43 -172 ] ] ]
SWORD NAIR2 [ [ [ -15 -121 ] [ -45 -148 ] ] [ [ 14 -76 ] [ -35 -102 ] ] [ [ 85 -59 ] [ 149 -16 ] ] [ [ 0 -104 ] [ 45 -81 ] ] [ [ -88 -157 ] [ -146 -199 ] ] [ [ -53 -134 ] [ -102 -162 ] ] [ [ 35 -86 ] [ 41 -83 ] ] [ [ 78 -68 ] [ 135 -33 ] ] ]
SWORD SIDESPECIALAIR1 [ [ [ -55 -158 ] [ -84 -103 ] ] [ [ -40 -165 ] [ -95 -157 ] ] [ [ 39 -170 ] [ 5 -237 ] ] [ [ 94 -106 ] [ 162 -143 ] ] [ [ 81 -50 ] [ 144 -11 ] ] [ [ 23 -70 ] [ 61 -24 ] ] [ [ -30 -107 ] [ -46 -99 ] ] [ [ -36 -116 ] [ -62 -123 ] ] ]
SWORD SIDESPECIALAIR2FORWARD [ [ [ 0 -129 ] [ 72 -103 ] ] [ [ 19 -118 ] [ 88 -90 ] ] [ [ 56 -96 ] [ 124 -67 ] ] [ [ 94 -75 ] [ 158 -48 ] ] [ [ 108 -56 ] [ 177 -26 ] ] [ [ 108 -56 ] [ 176 -28 ] ] [ [ 107 -55 ] [ 175 -25 ] ] [ [ 107 -57 ] [ 175 -26 ] ] [ [ 72 -70 ] [ 142 -48 ] ] [ [ 38 -94 ] [ 111 -75 ] ] [ [ 10 -109 ] [ 84 -96 ] ] [ [ -4 -112 ] [ 78 -102 ] ] [ [ -7 -112 ] [ 36 -115 ] ] [ [ -18 -115 ] [ 0 -136 ] ] ]
SWORD SIDESPECIALAIR2UP [ [ [ -13 -75 ] [ 11 -15 ] ] [ [ 11 -77 ] [ 62 -27 ] ] [ [ 48 -87 ] [ 125 -68 ] ] [ [ 80 -137 ] [ 152 -161 ] ] [ [ 68 -176 ] [ 118 -235 ] ] [ [ 34 -205 ] [ 39 -284 ] ] [ [ -4 -210 ] [ -38 -281 ] ] [ [ -15 -200 ] [ -63 -263 ] ] [ [ -38 -170 ] [ -97 -198 ] ] [ [ -46 -146 ] [ -85 -192 ] ] [ [ -48 -128 ] [ -86 -182 ] ] ]
SWORD SIDESPECIALAIR3DOWN [ [ [ -34 -156 ] [ -72 -189 ] ] [ [ 1 -120 ] [ -57 -170 ] ] [ [ 46 -92 ] [ 14 -113 ] ] [ [ 61 -62 ] [ 111 -13 ] ] [ [ 60 -62 ] [ 106 -15 ] ] ]
SWORD SIDESPECIALAIR3FORWARD [ [ [ -63 -92 ] [ -117 -127 ] ] [ [ -24 -81 ] [ -100 -98 ] ] [ [ 74 -71 ] [ 100 -55 ] ] [ [ 98 -87 ] [ 164 -80 ] ] [ [ 107 -111 ] [ 180 -129 ] ] [ [ 75 -140 ] [ 128 -185 ] ] [ [ 21 -142 ] [ 22 -193 ] ] [ [ -30 -130 ] [ -87 -171 ] ] [ [ -39 -130 ] [ -102 -170 ] ] ]
SWORD SIDESPECIALAIR3UP [ [ [ 8 -155 ] [ -71 -158 ] ] [ [ 7 -156 ] [ -70 -154 ] ] [ [ 8 -158 ] [ -68 -165 ] ] [ [ 8 -163 ] [ -66 -182 ] ] [ [ 32 -167 ] [ -23 -220 ] ] [ [ 67 -154 ] [ 84 -229 ] ] [ [ 82 -86 ] [ 152 -107 ] ] [ [ 50 -56 ] [ 125 -45 ] ] [ [ -22 -62 ] [ 0 -33 ] ] ]
SWORD SIDESPECIALAIR4DOWN [ [ [ -90 -104 ] [ -146 -127 ] ] [ [ -83 -89 ] [ -154 -95 ] ] [ [ -47 -72 ] [ -120 -61 ] ] [ [ 37 -60 ] [ 29 -35 ] ] [ [ 103 -73 ] [ 177 -89 ] ] [ [ 81 -67 ] [ 151 -88 ] ] [ [ 50 -60 ] [ 125 -68 ] ] [ [ 29 -61 ] [ 100 -79 ] ] [ [ 44 -72 ] [ 112 -100 ] ] [ [ 79 -84 ] [ 148 -111 ] ] [ [ 101 -94 ] [ 168 -130 ] ] [ [ 86 -94 ] [ 145 -133 ] ] [ [ 65 -70 ] [ 132 -78 ] ] [ [ 44 -50 ] [ 112 -38 ] ] [ [ 62 -45 ] [ 125 -28 ] ] [ [ 90 -48 ] [ 154 -31 ] ] [ [ 100 -48 ] [ 169 -25 ] ] [ [ 88 -53 ] [ 156 -35 ] ] [ [ 59 -57 ] [ 124 -44 ] ] [ [ 40 -64 ] [ 113 -61 ] ] [ [ 58 -66 ] [ 127 -64 ] ] [ [ 86 -78 ] [ 153 -94 ] ] [ [ 102 -74 ] [ 177 -92 ] ] [ [ 70 -77 ] [ 145 -82 ] ] [ [ 29 -72 ] [ 100 -79 ] ] [ [ 12 -67 ] [ 82 -79 ] ] [ [ 26 -82 ] [ 93 -113 ] ] [ [ 66 -90 ] [ 140 -105 ] ] [ [ 98 -95 ] [ 169 -127 ] ] [ [ 99 -86 ] [ 164 -125 ] ] [ [ 92 -74 ] [ 154 -120 ] ] [ [ 82 -60 ] [ 139 -93 ] ] ]
SWORD SIDESPECIALAIR4FORWARD [ [ [ -81 -168 ] [ -154 -135 ] ] [ [ -63 -186 ] [ -132 -180 ] ] [ [ 32 -198 ] [ -2 -263 ] ] [ [ 85 -151 ] [ 146 -202 ] ] [ [ 90 -110 ] [ 166 -118 ] ] [ [ 80 -64 ] [ 146 -46 ] ] [ [ 30 -46 ] [ 49 -25 ] ] [ [ 1 -33 ] [ 32 -5 ] ] [ [ -22 -31 ] [ 8 -5 ] ] ]
SWORD SIDESPECIALAIR4UP [ [ [ -83 -160 ] [ -125 -112 ] ] [ [ -70 -153 ] [ -111 -87 ] ] [ [ -58 -178 ] [ -125 -146 ] ] [ [ -24 -204 ] [ -80 -261 ] ] [ [ 19 -202 ] [ -19 -273 ] ] [ [ 74 -172 ] [ 101 -245 ] ] [ [ 96 -134 ] [ 144 -195 ] ] [ [ 96 -78 ] [ 168 -85 ] ] [ [ 28 -62 ] [ 30 -65 ] ] [ [ -30 -80 ] [ -78 -121 ] ] ]
SWORD SIDESPECIALGROUND1 [ [ [ -14 -157 ] [ -41 -98 ] ] [ [ 22 -164 ] [ -32 -155 ] ] [ [ 106 -167 ] [ 74 -238 ] ] [ [ 158 -106 ] [ 223 -145 ] ] [ [ 142 -48 ] [ 204 -6 ] ] [ [ 86 -71 ] [ 124 -25 ] ] [ [ 36 -106 ] [ 21 -99 ] ] [ [ 28 -114 ] [ 4 -120 ] ] ]
SWORD SIDESPECIALGROUND2FORWARD [ [ [ 93 -114 ] [ 163 -86 ] ] [ [ 138 -90 ] [ 205 -65 ] ] [ [ 180 -69 ] [ 243 -50 ] ] [ [ 193 -62 ] [ 265 -43 ] ] [ [ 191 -62 ] [ 262 -43 ] ] ]
SWORD SIDESPECIALGROUND2UP [ [ [ 58 -74 ] [ 86 -15 ] ] [ [ 91 -73 ] [ 153 -28 ] ] [ [ 129 -87 ] [ 205 -70 ] ] [ [ 160 -137 ] [ 231 -160 ] ] [ [ 149 -176 ] [ 197 -235 ] ] [ [ 114 -206 ] [ 115 -282 ] ] [ [ 76 -208 ] [ 39 -278 ] ] [ [ 59 -199 ] [ 8 -259 ] ] [ [ 37 -174 ] [ -19 -207 ] ] [ [ 33 -144 ] [ -5 -192 ] ] ]
SWORD SIDESPECIALGROUND3DOWN [ [ [ -37 -166 ] [ -73 -197 ] ] [ [ 8 -129 ] [ -56 -178 ] ] [ [ 55 -99 ] [ 26 -120 ] ] [ [ 76 -72 ] [ 123 -26 ] ] [ [ 87 -72 ] [ 135 -23 ] ] ]
SWORD SIDESPECIALGROUND3FORWARD [ [ [ 48 -54 ] [ -25 -69 ] ] [ [ 146 -48 ] [ 169 -33 ] ] [ [ 176 -70 ] [ 240 -64 ] ] [ [ 187 -98 ] [ 259 -117 ] ] [ [ 151 -128 ] [ 203 -173 ] ] [ [ 86 -133 ] [ 88 -182 ] ] [ [ 21 -124 ] [ -35 -163 ] ] [ [ -3 -120 ] [ -67 -152 ] ] ]
SWORD SIDESPECIALGROUND3UP [ [ [ 14 -93 ] [ -31 -99 ] ] [ [ 2 -93 ] [ -36 -76 ] ] [ [ -1 -99 ] [ -36 -86 ] ] [ [ 1 -113 ] [ -39 -111 ] ] [ [ 6 -129 ] [ -42 -124 ] ] [ [ 16 -147 ] [ -53 -135 ] ] [ [ 28 -156 ] [ -48 -146 ] ] [ [ 34 -156 ] [ -43 -145 ] ] [ [ 38 -158 ] [ -41 -159 ] ] [ [ 43 -161 ] [ -32 -181 ] ] [ [ 65 -164 ] [ 10 -219 ] ] [ [ 103 -150 ] [ 122 -223 ] ] [ [ 116 -115 ] [ 177 -164 ] ] [ [ 84 -56 ] [ 160 -45 ] ] [ [ 15 -62 ] [ 44 -33 ] ] [ [ -13 -70 ] [ -26 -46 ] ] [ [ -23 -72 ] [ -56 -46 ] ] [ [ -29 -72 ] [ -81 -43 ] ] ]
SWORD SIDESPECIALGROUND4DOWN [ [ [ -23 -96 ] [ -87 -117 ] ] [ [ -10 -78 ] [ -81 -82 ] ] [ [ 24 -59 ] [ -48 -49 ] ] [ [ 107 -45 ] [ 96 -14 ] ] [ [ 179 -56 ] [ 253 -70 ] ] [ [ 157 -59 ] [ 227 -90 ] ] [ [ 123 -49 ] [ 196 -65 ] ] [ [ 103 -45 ] [ 174 -64 ] ] [ [ 122 -55 ] [ 189 -81 ] ] [ [ 152 -68 ] [ 225 -95 ] ] [ [ 175 -79 ] [ 241 -115 ] ] [ [ 163 -78 ] [ 220 -117 ] ] [ [ 142 -54 ] [ 209 -64 ] ] [ [ 123 -34 ] [ 191 -21 ] ] [ [ 140 -28 ] [ 201 -12 ] ] [ [ 168 -32 ] [ 232 -16 ] ] [ [ 176 -31 ] [ 245 -9 ] ] [ [ 165 -36 ] [ 230 -17 ] ] [ [ 139 -40 ] [ 202 -27 ] ] [ [ 119 -47 ] [ 191 -44 ] ] [ [ 136 -50 ] [ 198 -48 ] ] [ [ 166 -62 ] [ 227 -77 ] ] [ [ 179 -57 ] [ 251 -75 ] ] [ [ 145 -62 ] [ 221 -66 ] ] [ [ 106 -56 ] [ 175 -62 ] ] [ [ 78 -49 ] [ 155 -63 ] ] [ [ 102 -65 ] [ 172 -93 ] ] [ [ 143 -73 ] [ 214 -86 ] ] [ [ 175 -78 ] [ 246 -109 ] ] [ [ 176 -73 ] [ 247 -106 ] ] [ [ 172 -65 ] [ 234 -108 ] ] ]
SWORD SIDESPECIALGROUND4FORWARD [ [ [ -49 -168 ] [ -120 -134 ] ] [ [ -26 -185 ] [ -95 -179 ] ] [ [ 75 -196 ] [ 41 -261 ] ] [ [ 132 -150 ] [ 192 -201 ] ] [ [ 139 -109 ] [ 215 -117 ] ] [ [ 131 -63 ] [ 196 -44 ] ] [ [ 80 -45 ] [ 96 -24 ] ] [ [ 57 -32 ] [ 89 -4 ] ] [ [ 29 -30 ] [ 55 -2 ] ] ]
SWORD SIDESPECIALGROUND4UP [ [ [ -63 -216 ] [ -126 -167 ] ] [ [ -39 -223 ] [ -107 -193 ] ] [ [ -7 -243 ] [ -79 -276 ] ] [ [ 43 -246 ] [ 8 -317 ] ] [ [ 100 -213 ] [ 128 -287 ] ] [ [ 125 -172 ] [ 171 -232 ] ] [ [ 124 -112 ] [ 197 -118 ] ] [ [ 56 -90 ] [ 42 -75 ] ] [ [ 1 -99 ] [ -49 -141 ] ] ]
SWORD UPAIR [ [ [ 75 -79 ] [ 67 -12 ] ] [ [ 66 -149 ] [ 130 -117 ] ] [ [ 26 -187 ] [ 91 -220 ] ] [ [ -24 -194 ] [ -5 -269 ] ] [ [ -73 -166 ] [ -114 -236 ] ] [ [ -96 -131 ] [ -152 -188 ] ] [ [ -98 -89 ] [ -159 -133 ] ] [ [ -86 -56 ] [ -148 -83 ] ] [ [ -72 -41 ] [ -138 -45 ] ] [ [ -57 -33 ] [ -122 -8 ] ] [ [ -41 -30 ] [ -98 11 ] ] [ [ -25 -36 ] [ -76 16 ] ] [ [ -9 -41 ] [ -43 24 ] ] [ [ 9 -53 ] [ 2 6 ] ] ]
SWORD UPSMASH [ [ [ 63 -80 ] [ 69 -160 ] ] [ [ 83 -107 ] [ 75 -176 ] ] [ [ 27 -172 ] [ 21 -249 ] ] [ [ 1 -212 ] [ 0 -290 ] ] [ [ 0 -207 ] [ -2 -285 ] ] [ [ -1 -202 ] [ -3 -279 ] ] ]
SWORD UPSPECIAL [ [ [ -53 -104 ] [ -108 -112 ] ] [ [ -30 -37 ] [ -107 -9 ] ] [ [ 30 -45 ] [ 46 31 ] ] [ [ 57 -58 ] [ 120 -14 ] ] [ [ 87 -124 ] [ 162 -115 ] ] [ [ 66 -192 ] [ 123 -241 ] ] [ [ 52 -212 ] [ 104 -266 ] ] [ [ 40 -218 ] [ 87 -273 ] ] [ [ 24 -220 ] [ 63 -283 ] ] [ [ 8 -218 ] [ 28 -295 ] ] ]
SWORD UPTILT [ [ [ 18 -60 ] [ -42 -25 ] ] [ [ 61 -65 ] [ 9 -17 ] ] [ [ 124 -121 ] [ 159 -63 ] ] [ [ 111 -187 ] [ 171 -224 ] ] [ [ 68 -210 ] [ 94 -281 ] ] [ [ 32 -206 ] [ 23 -280 ] ] [ [ 4 -185 ] [ -19 -255 ] ] [ [ -16 -144 ] [ -62 -206 ] ] [ [ -14 -106 ] [ -76 -150 ] ] [ [ 3 -75 ] [ -31 -57 ] ] [ [ 9 -66 ] [ -22 -33 ] ] ]
END
